AAM,ea
[Cl:1][C@:5]([C:4]([H:3])([H:31])[N+:41]([O-:42])[O:43])([H:11])[N:21]([H:22])[H:23].[H-:2]>>[Cl-:1].[H:2][C:5]([C:4]([H:3])([H:31])[N+:41]([O-:42])[O:43])([H:11])[N:21]([H:22])[H:23],13.472364795551885
[Br:1][C@:5]([C:4]([H:3])([N+:31]([O-:32])[O:33])[H:41])([H:11])[C:21]([H:22])([H:23])[H:24].[H-:2]>>[Br-:1].[H:2][C:5]([C:4]([H:3])([N+:31]([O-:32])[O:33])[H:41])([H:11])[C:21]([H:22])([H:23])[H:24],6.882433756704662
[F-:2].[F:1][C@:5]([C:4]([H:3])([H:31])[N:41]([H:42])[H:43])([N+:11]([O-:12])[O:13])[C:21]([H:22])([H:23])[H:24]>>[F-:1].[F:2][C@@:5]([C:4]([H:3])([H:31])[N:41]([H:42])[H:43])([N+:11]([O-:12])[O:13])[C:21]([H:22])([H:23])[H:24],25.32634163894198
[Br-:2].[Br:1][C@:5]([C@:4]([H:3])([N:31]([H:32])[H:33])[N+:41]([O-:42])[O:43])([H:11])[C:21]#[N:22]>>[Br-:1].[Br:2][C@@:5]([C@:4]([H:3])([N:31]([H:32])[H:33])[N+:41]([O-:42])[O:43])([H:11])[C:21]#[N:22],23.147865780174666
[Br-:2].[Cl:1][C@:5]([C@:4]([H:3])([C:31]#[N:32])[N:41]([H:42])[H:43])([H:11])[C:21]#[N:22]>>[Br:2][C@@:5]([C@:4]([H:3])([C:31]#[N:32])[N:41]([H:42])[H:43])([H:11])[C:21]#[N:22].[Cl-:1],29.979833035217208
[F:1][C@:5]([C@:4]([H:3])([N:31]([H:32])[H:33])[N+:41]([O-:42])[O:43])([C:11]([H:12])([H:13])[H:14])[N:21]([H:22])[H:23].[H-:2]>>[F-:1].[H:2][C@@:5]([C@:4]([H:3])([N:31]([H:32])[H:33])[N+:41]([O-:42])[O:43])([C:11]([H:12])([H:13])[H:14])[N:21]([H:22])[H:23],29.644334166399062
[Br-:2].[Br:1][C@:5]([C:4]([H:3])([C:31]#[N:32])[C:41]#[N:42])([C:11]([H:12])([H:13])[H:14])[H:21]>>[Br-:1].[Br:2][C@@:5]([C:4]([H:3])([C:31]#[N:32])[C:41]#[N:42])([C:11]([H:12])([H:13])[H:14])[H:21],30.816109077373195
[Cl:1][C@:5]([C:4]([H:3])([C:31]#[N:32])[H:41])([H:11])[C:21]([H:22])([H:23])[H:24].[H-:2]>>[Cl-:1].[H:2][C:5]([C:4]([H:3])([C:31]#[N:32])[H:41])([H:11])[C:21]([H:22])([H:23])[H:24],3.6525237439674494
[Cl-:2].[F:1][C:5]([C@:4]([H:3])([C:31]([H:32])([H:33])[H:34])[N:41]([H:42])[H:43])([C:11]#[N:12])[C:21]#[N:22]>>[Cl:2][C:5]([C@:4]([H:3])([C:31]([H:32])([H:33])[H:34])[N:41]([H:42])[H:43])([C:11]#[N:12])[C:21]#[N:22].[F-:1],32.57234841090502
[Br-:2].[F:1][C@:5]([C@:4]([H:3])([N:31]([H:32])[H:33])[N+:41]([O-:42])[O:43])([H:11])[C:21]([H:22])([H:23])[H:24]>>[Br:2][C@@:5]([C@:4]([H:3])([N:31]([H:32])[H:33])[N+:41]([O-:42])[O:43])([H:11])[C:21]([H:22])([H:23])[H:24].[F-:1],48.81899253750128
[F:1][C@:5]([C:4]([H:3])([H:31])[H:41])([N+:11]([O-:12])[O:13])[N:21]([H:22])[H:23].[H-:2]>>[F-:1].[H:2][C@@:5]([C:4]([H:3])([H:31])[H:41])([N+:11]([O-:12])[O:13])[N:21]([H:22])[H:23],19.993959833114708
[Br:1][C@:5]([C:4]([H:3])([H:31])[N:41]([H:42])[H:43])([C:11]([H:12])([H:13])[H:14])[H:21].[F-:2]>>[Br-:1].[F:2][C@@:5]([C:4]([H:3])([H:31])[N:41]([H:42])[H:43])([C:11]([H:12])([H:13])[H:14])[H:21],13.47884722336448
[F:1][C@:5]([C@:4]([H:3])([N:31]([H:32])[H:33])[C:41]#[N:42])([C:11]([H:12])([H:13])[H:14])[C:21]#[N:22].[H-:2]>>[F-:1].[H:2][C@@:5]([C@:4]([H:3])([N:31]([H:32])[H:33])[C:41]#[N:42])([C:11]([H:12])([H:13])[H:14])[C:21]#[N:22],9.26798151894934
[Cl-:2].[Cl:1][C@:5]([C@:4]([H:3])([N:31]([H:32])[H:33])[C:41]#[N:42])([N+:11]([O-:12])[O:13])[H:21]>>[Cl-:1].[Cl:2][C@@:5]([C@:4]([H:3])([N:31]([H:32])[H:33])[C:41]#[N:42])([N+:11]([O-:12])[O:13])[H:21],29.03310558787292
[Cl-:2].[F:1][C@:5]([C@:4]([H:3])([C:31]#[N:32])[C:41]([H:42])([H:43])[H:44])([C:11]#[N:12])[C:21]([H:22])([H:23])[H:24]>>[Cl:2][C@@:5]([C@:4]([H:3])([C:31]#[N:32])[C:41]([H:42])([H:43])[H:44])([C:11]#[N:12])[C:21]([H:22])([H:23])[H:24].[F-:1],35.55923013118779
[Cl:1][C@:5]([C:4]([H:3])([H:31])[C:41]([H:42])([H:43])[H:44])([N+:11]([O-:12])[O:13])[N:21]([H:22])[H:23].[H-:2]>>[Cl-:1].[H:2][C@@:5]([C:4]([H:3])([H:31])[C:41]([H:42])([H:43])[H:44])([N+:11]([O-:12])[O:13])[N:21]([H:22])[H:23],12.54231605714422
[Br-:2].[Br:1][C@:5]([C:4]([H:3])([N:31]([H:32])[H:33])[N:41]([H:42])[H:43])([H:11])[C:21]#[N:22]>>[Br-:1].[Br:2][C@@:5]([C:4]([H:3])([N:31]([H:32])[H:33])[N:41]([H:42])[H:43])([H:11])[C:21]#[N:22],25.323856732595345
[Br-:2].[F:1][C@:5]([C:4]([H:3])([H:31])[N+:41]([O-:42])[O:43])([H:11])[N:21]([H:22])[H:23]>>[Br:2][C@@:5]([C:4]([H:3])([H:31])[N+:41]([O-:42])[O:43])([H:11])[N:21]([H:22])[H:23].[F-:1],52.82284047763277
[Cl-:2].[F:1][C:5]([C:4]([H:3])([H:31])[H:41])([C:11]([H:12])([H:13])[H:14])[N+:21]([O-:22])[O:23]>>[Cl:2][C:5]([C:4]([H:3])([H:31])[H:41])([C:11]([H:12])([H:13])[H:14])[N+:21]([O-:22])[O:23].[F-:1],39.28885555710715
[Cl:1][C@:5]([C:4]([H:3])([H:31])[C:41]#[N:42])([N+:11]([O-:12])[O:13])[H:21].[F-:2]>>[Cl-:1].[F:2][C@@:5]([C:4]([H:3])([H:31])[C:41]#[N:42])([N+:11]([O-:12])[O:13])[H:21],10.344846109943582
[Cl-:2].[Cl:1][C@:5]([C@:4]([H:3])([C:31]([H:32])([H:33])[H:34])[N+:41]([O-:42])[O:43])([H:11])[N+:21]([O-:22])[O:23]>>[Cl-:1].[Cl:2][C@@:5]([C@:4]([H:3])([C:31]([H:32])([H:33])[H:34])[N+:41]([O-:42])[O:43])([H:11])[N+:21]([O-:22])[O:23],23.782973987722286
[F:1][C@:5]([C:4]([H:3])([C:31]([H:32])([H:33])[H:34])[C:41]([H:42])([H:43])[H:44])([N+:11]([O-:12])[O:13])[N:21]([H:22])[H:23].[H-:2]>>[F-:1].[H:2][C@@:5]([C:4]([H:3])([C:31]([H:32])([H:33])[H:34])[C:41]([H:42])([H:43])[H:44])([N+:11]([O-:12])[O:13])[N:21]([H:22])[H:23],20.91556495752856
[Br-:2].[Br:1][C@:5]([C@:4]([H:3])([C:31]([H:32])([H:33])[H:34])[N:41]([H:42])[H:43])([C:11]([H:12])([H:13])[H:14])[H:21]>>[Br-:1].[Br:2][C@@:5]([C@:4]([H:3])([C:31]([H:32])([H:33])[H:34])[N:41]([H:42])[H:43])([C:11]([H:12])([H:13])[H:14])[H:21],28.708009234352826
[Cl:1][C@:5]([C@:4]([H:3])([N:31]([H:32])[H:33])[C:41]([H:42])([H:43])[H:44])([H:11])[C:21]([H:22])([H:23])[H:24].[F-:2]>>[Cl-:1].[F:2][C@@:5]([C@:4]([H:3])([N:31]([H:32])[H:33])[C:41]([H:42])([H:43])[H:44])([H:11])[C:21]([H:22])([H:23])[H:24],24.316265519803355
[Cl:1][C@:5]([C:4]([H:3])([C:31]([H:32])([H:33])[H:34])[H:41])([H:11])[C:21]#[N:22].[F-:2]>>[Cl-:1].[F:2][C@@:5]([C:4]([H:3])([C:31]([H:32])([H:33])[H:34])[H:41])([H:11])[C:21]#[N:22],6.697051514657357
[Cl:1][C@:5]([C:4]([H:3])([C:31]([H:32])([H:33])[H:34])[H:41])([N+:11]([O-:12])[O:13])[N:21]([H:22])[H:23].[F-:2]>>[Cl-:1].[F:2][C@@:5]([C:4]([H:3])([C:31]([H:32])([H:33])[H:34])[H:41])([N+:11]([O-:12])[O:13])[N:21]([H:22])[H:23],19.890069432803053
[F-:2].[F:1][C@:5]([C:4]([H:3])([N:31]([H:32])[H:33])[N:41]([H:42])[H:43])([C:11]([H:12])([H:13])[H:14])[H:21]>>[F-:1].[F:2][C@@:5]([C:4]([H:3])([N:31]([H:32])[H:33])[N:41]([H:42])[H:43])([C:11]([H:12])([H:13])[H:14])[H:21],39.107866333717226
[F:1][C@:5]([C:4]([H:3])([N:31]([H:32])[H:33])[H:41])([N:11]([H:12])[H:13])[C:21]#[N:22].[H-:2]>>[F-:1].[H:2][C@@:5]([C:4]([H:3])([N:31]([H:32])[H:33])[H:41])([N:11]([H:12])[H:13])[C:21]#[N:22],23.227450767357467
[Br:1][C@:5]([C:4]([H:3])([C:31]#[N:32])[C:41]#[N:42])([N+:11]([O-:12])[O:13])[N:21]([H:22])[H:23].[Cl-:2]>>[Br-:1].[Cl:2][C@@:5]([C:4]([H:3])([C:31]#[N:32])[C:41]#[N:42])([N+:11]([O-:12])[O:13])[N:21]([H:22])[H:23],11.847610348487189
[Cl:1][C@:5]([C:4]([H:3])([C:31]([H:32])([H:33])[H:34])[H:41])([C:11]#[N:12])[N:21]([H:22])[H:23].[H-:2]>>[Cl-:1].[H:2][C@@:5]([C:4]([H:3])([C:31]([H:32])([H:33])[H:34])[H:41])([C:11]#[N:12])[N:21]([H:22])[H:23],9.02488562769635
[Br:1][C@:5]([C:4]([H:3])([H:31])[C:41]#[N:42])([N:11]([H:12])[H:13])[C:21]#[N:22].[F-:2]>>[Br-:1].[F:2][C@@:5]([C:4]([H:3])([H:31])[C:41]#[N:42])([N:11]([H:12])[H:13])[C:21]#[N:22],17.96487578151795
[Cl:1][C@:5]([C:4]([H:3])([C:31]([H:32])([H:33])[H:34])[H:41])([C:11]([H:12])([H:13])[H:14])[H:21].[F-:2]>>[Cl-:1].[F:2][C@@:5]([C:4]([H:3])([C:31]([H:32])([H:33])[H:34])[H:41])([C:11]([H:12])([H:13])[H:14])[H:21],13.730328713400072
[Cl-:2].[F:1][C:5]([C:4]([H:3])([C:31]([H:32])([H:33])[H:34])[C:41]([H:42])([H:43])[H:44])([C:11]#[N:12])[C:21]#[N:22]>>[Cl:2][C:5]([C:4]([H:3])([C:31]([H:32])([H:33])[H:34])[C:41]([H:42])([H:43])[H:44])([C:11]#[N:12])[C:21]#[N:22].[F-:1],28.29414936589184
[Cl-:2].[F:1][C@:5]([C:4]([H:3])([N+:31]([O-:32])[O:33])[H:41])([C:11]#[N:12])[H:21]>>[Cl:2][C@@:5]([C:4]([H:3])([N+:31]([O-:32])[O:33])[H:41])([C:11]#[N:12])[H:21].[F-:1],31.50188699448308
[F:1][C@:5]([C:4]([H:3])([N+:31]([O-:32])[O:33])[H:41])([H:11])[N:21]([H:22])[H:23].[H-:2]>>[F-:1].[H:2][C:5]([C:4]([H:3])([N+:31]([O-:32])[O:33])[H:41])([H:11])[N:21]([H:22])[H:23],25.088535958925533
[F:1][C@:5]([C@:4]([H:3])([C:31]#[N:32])[N:41]([H:42])[H:43])([H:11])[C:21]#[N:22].[H-:2]>>[F-:1].[H:2][C:5]([C@:4]([H:3])([C:31]#[N:32])[N:41]([H:42])[H:43])([H:11])[C:21]#[N:22],14.356874876710553
[Cl:1][C@:5]([C:4]([H:3])([H:31])[N+:41]([O-:42])[O:43])([H:11])[N+:21]([O-:22])[O:23].[F-:2]>>[Cl-:1].[F:2][C@@:5]([C:4]([H:3])([H:31])[N+:41]([O-:42])[O:43])([H:11])[N+:21]([O-:22])[O:23],9.585740403403491
[Cl-:2].[F:1][C@:5]([C:4]([H:3])([N:31]([H:32])[H:33])[H:41])([N+:11]([O-:12])[O:13])[N:21]([H:22])[H:23]>>[Cl:2][C@@:5]([C:4]([H:3])([N:31]([H:32])[H:33])[H:41])([N+:11]([O-:12])[O:13])[N:21]([H:22])[H:23].[F-:1],41.1619615340266
[F:1][C@:5]([C:4]([H:3])([C:31]#[N:32])[H:41])([N+:11]([O-:12])[O:13])[N:21]([H:22])[H:23].[H-:2]>>[F-:1].[H:2][C@@:5]([C:4]([H:3])([C:31]#[N:32])[H:41])([N+:11]([O-:12])[O:13])[N:21]([H:22])[H:23],16.136295655683234
[Cl-:2].[F:1][C@:5]([C@:4]([H:3])([N+:31]([O-:32])[O:33])[C:41]#[N:42])([N+:11]([O-:12])[O:13])[N:21]([H:22])[H:23]>>[Cl:2][C@@:5]([C@:4]([H:3])([N+:31]([O-:32])[O:33])[C:41]#[N:42])([N+:11]([O-:12])[O:13])[N:21]([H:22])[H:23].[F-:1],50.10717477254135
[Br-:2].[Br:1][C@:5]([C:4]([H:3])([H:31])[C:41]#[N:42])([N:11]([H:12])[H:13])[C:21]#[N:22]>>[Br-:1].[Br:2][C@@:5]([C:4]([H:3])([H:31])[C:41]#[N:42])([N:11]([H:12])[H:13])[C:21]#[N:22],22.70030916884966
[Cl-:2].[F:1][C@:5]([C@:4]([H:3])([C:31]#[N:32])[C:41]([H:42])([H:43])[H:44])([H:11])[N:21]([H:22])[H:23]>>[Cl:2][C@@:5]([C@:4]([H:3])([C:31]#[N:32])[C:41]([H:42])([H:43])[H:44])([H:11])[N:21]([H:22])[H:23].[F-:1],45.24078111948981
[F:1][C@:5]([C@:4]([H:3])([N+:31]([O-:32])[O:33])[N:41]([H:42])[H:43])([C:11]([H:12])([H:13])[H:14])[C:21]#[N:22].[H-:2]>>[F-:1].[H:2][C@@:5]([C@:4]([H:3])([N+:31]([O-:32])[O:33])[N:41]([H:42])[H:43])([C:11]([H:12])([H:13])[H:14])[C:21]#[N:22],17.700553754152782
[Cl-:2].[F:1][C@:5]([C:4]([H:3])([C:31]([H:32])([H:33])[H:34])[H:41])([H:11])[C:21]#[N:22]>>[Cl:2][C@@:5]([C:4]([H:3])([C:31]([H:32])([H:33])[H:34])[H:41])([H:11])[C:21]#[N:22].[F-:1],35.688142907274646
[Cl-:2].[F:1][C:5]([C:4]([H:3])([H:31])[N:41]([H:42])[H:43])([H:11])[H:21]>>[Cl:2][C:5]([C:4]([H:3])([H:31])[N:41]([H:42])[H:43])([H:11])[H:21].[F-:1],46.53169651986328
[Cl:1][C@:5]([C:4]([H:3])([N+:31]([O-:32])[O:33])[H:41])([C:11]([H:12])([H:13])[H:14])[H:21].[H-:2]>>[Cl-:1].[H:2][C:5]([C:4]([H:3])([N+:31]([O-:32])[O:33])[H:41])([C:11]([H:12])([H:13])[H:14])[H:21],12.51320730112898
[Br:1][C:5]([C:4]([H:3])([C:31]#[N:32])[C:41]#[N:42])([C:11]([H:12])([H:13])[H:14])[C:21]([H:22])([H:23])[H:24].[F-:2]>>[Br-:1].[F:2][C:5]([C:4]([H:3])([C:31]#[N:32])[C:41]#[N:42])([C:11]([H:12])([H:13])[H:14])[C:21]([H:22])([H:23])[H:24],27.234241191447808
[Br-:2].[Cl:1][C@:5]([C:4]([H:3])([H:31])[N:41]([H:42])[H:43])([C:11]([H:12])([H:13])[H:14])[C:21]#[N:22]>>[Br:2][C@@:5]([C:4]([H:3])([H:31])[N:41]([H:42])[H:43])([C:11]([H:12])([H:13])[H:14])[C:21]#[N:22].[Cl-:1],35.11441748020069
[Cl-:2].[Cl:1][C@:5]([C:4]([H:3])([H:31])[C:41]#[N:42])([H:11])[C:21]([H:22])([H:23])[H:24]>>[Cl-:1].[Cl:2][C@@:5]([C:4]([H:3])([H:31])[C:41]#[N:42])([H:11])[C:21]([H:22])([H:23])[H:24],24.05474168023712
[Br-:2].[Cl:1][C@:5]([C:4]([H:3])([C:31]([H:32])([H:33])[H:34])[C:41]([H:42])([H:43])[H:44])([C:11]([H:12])([H:13])[H:14])[H:21]>>[Br:2][C@@:5]([C:4]([H:3])([C:31]([H:32])([H:33])[H:34])[C:41]([H:42])([H:43])[H:44])([C:11]([H:12])([H:13])[H:14])[H:21].[Cl-:1],32.53531645476159
[Br:1][C@:5]([C@:4]([H:3])([N:31]([H:32])[H:33])[C:41]#[N:42])([H:11])[N:21]([H:22])[H:23].[H-:2]>>[Br-:1].[H:2][C:5]([C@:4]([H:3])([N:31]([H:32])[H:33])[C:41]#[N:42])([H:11])[N:21]([H:22])[H:23],14.884858415393325
[Br:1][C@:5]([C@:4]([H:3])([C:31]#[N:32])[C:41]([H:42])([H:43])[H:44])([H:11])[N+:21]([O-:22])[O:23].[F-:2]>>[Br-:1].[F:2][C@@:5]([C@:4]([H:3])([C:31]#[N:32])[C:41]([H:42])([H:43])[H:44])([H:11])[N+:21]([O-:22])[O:23],6.738072147613582
[F-:2].[F:1][C@:5]([C:4]([H:3])([N:31]([H:32])[H:33])[H:41])([N:11]([H:12])[H:13])[N+:21]([O-:22])[O:23]>>[F-:1].[F:2][C@@:5]([C:4]([H:3])([N:31]([H:32])[H:33])[H:41])([N:11]([H:12])[H:13])[N+:21]([O-:22])[O:23],31.926798548819946
[F:1][C:5]([C:4]([H:3])([C:31]#[N:32])[C:41]#[N:42])([N:11]([H:12])[H:13])[N:21]([H:22])[H:23].[H-:2]>>[F-:1].[H:2][C:5]([C:4]([H:3])([C:31]#[N:32])[C:41]#[N:42])([N:11]([H:12])[H:13])[N:21]([H:22])[H:23],38.44102626767251
[Br:1][C:5]([C@:4]([H:3])([N+:31]([O-:32])[O:33])[N:41]([H:42])[H:43])([H:11])[H:21].[Cl-:2]>>[Br-:1].[Cl:2][C:5]([C@:4]([H:3])([N+:31]([O-:32])[O:33])[N:41]([H:42])[H:43])([H:11])[H:21],24.49359974564975
[Br:1][C@:5]([C@:4]([H:3])([C:31]([H:32])([H:33])[H:34])[N:41]([H:42])[H:43])([C:11]#[N:12])[C:21]([H:22])([H:23])[H:24].[F-:2]>>[Br-:1].[F:2][C@@:5]([C@:4]([H:3])([C:31]([H:32])([H:33])[H:34])[N:41]([H:42])[H:43])([C:11]#[N:12])[C:21]([H:22])([H:23])[H:24],22.70347844205645
[F-:2].[F:1][C:5]([C:4]([H:3])([N:31]([H:32])[H:33])[H:41])([N:11]([H:12])[H:13])[N:21]([H:22])[H:23]>>[F-:1].[F:2][C:5]([C:4]([H:3])([N:31]([H:32])[H:33])[H:41])([N:11]([H:12])[H:13])[N:21]([H:22])[H:23],41.21710090806179
[Cl-:2].[F:1][C@:5]([C:4]([H:3])([N:31]([H:32])[H:33])[H:41])([H:11])[C:21]([H:22])([H:23])[H:24]>>[Cl:2][C@@:5]([C:4]([H:3])([N:31]([H:32])[H:33])[H:41])([H:11])[C:21]([H:22])([H:23])[H:24].[F-:1],42.51920604594961
[Cl:1][C@:5]([C:4]([H:3])([H:31])[C:41]([H:42])([H:43])[H:44])([H:11])[C:21]([H:22])([H:23])[H:24].[F-:2]>>[Cl-:1].[F:2][C@@:5]([C:4]([H:3])([H:31])[C:41]([H:42])([H:43])[H:44])([H:11])[C:21]([H:22])([H:23])[H:24],9.67165556640797
[F-:2].[F:1][C@:5]([C:4]([H:3])([H:31])[C:41]#[N:42])([C:11]#[N:12])[H:21]>>[F-:1].[F:2][C@@:5]([C:4]([H:3])([H:31])[C:41]#[N:42])([C:11]#[N:12])[H:21],17.747460707679643
[Br:1][C@:5]([C:4]([H:3])([N:31]([H:32])[H:33])[N:41]([H:42])[H:43])([C:11]([H:12])([H:13])[H:14])[C:21]#[N:22].[F-:2]>>[Br-:1].[F:2][C@@:5]([C:4]([H:3])([N:31]([H:32])[H:33])[N:41]([H:42])[H:43])([C:11]([H:12])([H:13])[H:14])[C:21]#[N:22],24.093803133964983
[F:1][C@:5]([C@:4]([H:3])([N:31]([H:32])[H:33])[C:41]#[N:42])([C:11]#[N:12])[N:21]([H:22])[H:23].[H-:2]>>[F-:1].[H:2][C@@:5]([C@:4]([H:3])([N:31]([H:32])[H:33])[C:41]#[N:42])([C:11]#[N:12])[N:21]([H:22])[H:23],20.735232597641
[F-:2].[F:1][C@:5]([C@:4]([H:3])([C:31]#[N:32])[N+:41]([O-:42])[O:43])([H:11])[C:21]#[N:22]>>[F-:1].[F:2][C@@:5]([C@:4]([H:3])([C:31]#[N:32])[N+:41]([O-:42])[O:43])([H:11])[C:21]#[N:22],10.34591918450422
[Br-:2].[Cl:1][C@:5]([C@:4]([H:3])([C:31]#[N:32])[N+:41]([O-:42])[O:43])([H:11])[C:21]([H:22])([H:23])[H:24]>>[Br:2][C@@:5]([C@:4]([H:3])([C:31]#[N:32])[N+:41]([O-:42])[O:43])([H:11])[C:21]([H:22])([H:23])[H:24].[Cl-:1],33.640233850127714
[Br:1][C@:5]([C:4]([H:3])([C:31]([H:32])([H:33])[H:34])[H:41])([N+:11]([O-:12])[O:13])[H:21].[Cl-:2]>>[Br-:1].[Cl:2][C@@:5]([C:4]([H:3])([C:31]([H:32])([H:33])[H:34])[H:41])([N+:11]([O-:12])[O:13])[H:21],17.889892044892658
[Br-:2].[Br:1][C@:5]([C:4]([H:3])([N+:31]([O-:32])[O:33])[H:41])([N:11]([H:12])[H:13])[C:21]#[N:22]>>[Br-:1].[Br:2][C@@:5]([C:4]([H:3])([N+:31]([O-:32])[O:33])[H:41])([N:11]([H:12])[H:13])[C:21]#[N:22],33.48028546877115
[Cl-:2].[Cl:1][C@:5]([C:4]([H:3])([N+:31]([O-:32])[O:33])[N+:41]([O-:42])[O:43])([C:11]([H:12])([H:13])[H:14])[H:21]>>[Cl-:1].[Cl:2][C@@:5]([C:4]([H:3])([N+:31]([O-:32])[O:33])[N+:41]([O-:42])[O:43])([C:11]([H:12])([H:13])[H:14])[H:21],36.528663870783866
[Cl:1][C@:5]([C:4]([H:3])([N:31]([H:32])[H:33])[H:41])([H:11])[C:21]([H:22])([H:23])[H:24].[F-:2]>>[Cl-:1].[F:2][C@@:5]([C:4]([H:3])([N:31]([H:32])[H:33])[H:41])([H:11])[C:21]([H:22])([H:23])[H:24],12.306252825098795
[Cl-:2].[Cl:1][C:5]([C:4]([H:3])([H:31])[N:41]([H:42])[H:43])([C:11]([H:12])([H:13])[H:14])[C:21]([H:22])([H:23])[H:24]>>[Cl-:1].[Cl:2][C:5]([C:4]([H:3])([H:31])[N:41]([H:42])[H:43])([C:11]([H:12])([H:13])[H:14])[C:21]([H:22])([H:23])[H:24],38.35639324656044
[Cl-:2].[F:1][C@:5]([C:4]([H:3])([H:31])[H:41])([H:11])[N:21]([H:22])[H:23]>>[Cl:2][C@@:5]([C:4]([H:3])([H:31])[H:41])([H:11])[N:21]([H:22])[H:23].[F-:1],46.25787776221913
[F:1][C@:5]([C@:4]([H:3])([C:31]#[N:32])[C:41]([H:42])([H:43])[H:44])([C:11]#[N:12])[N:21]([H:22])[H:23].[H-:2]>>[F-:1].[H:2][C@@:5]([C@:4]([H:3])([C:31]#[N:32])[C:41]([H:42])([H:43])[H:44])([C:11]#[N:12])[N:21]([H:22])[H:23],19.15570328076182
[Br-:2].[Br:1][C:5]([C:4]([H:3])([H:31])[N+:41]([O-:42])[O:43])([C:11]([H:12])([H:13])[H:14])[C:21]([H:22])([H:23])[H:24]>>[Br-:1].[Br:2][C:5]([C:4]([H:3])([H:31])[N+:41]([O-:42])[O:43])([C:11]([H:12])([H:13])[H:14])[C:21]([H:22])([H:23])[H:24],38.84108634713017
[F:1][C@:5]([C@:4]([H:3])([C:31]([H:32])([H:33])[H:34])[N+:41]([O-:42])[O:43])([H:11])[N:21]([H:22])[H:23].[H-:2]>>[F-:1].[H:2][C:5]([C@:4]([H:3])([C:31]([H:32])([H:33])[H:34])[N+:41]([O-:42])[O:43])([H:11])[N:21]([H:22])[H:23],26.645686461968893
[F-:2].[F:1][C@:5]([C@:4]([H:3])([N+:31]([O-:32])[O:33])[N:41]([H:42])[H:43])([C:11]#[N:12])[H:21]>>[F-:1].[F:2][C@@:5]([C@:4]([H:3])([N+:31]([O-:32])[O:33])[N:41]([H:42])[H:43])([C:11]#[N:12])[H:21],17.43854013529808
[F-:2].[F:1][C@:5]([C:4]([H:3])([H:31])[C:41]([H:42])([H:43])[H:44])([C:11]#[N:12])[N:21]([H:22])[H:23]>>[F-:1].[F:2][C@@:5]([C:4]([H:3])([H:31])[C:41]([H:42])([H:43])[H:44])([C:11]#[N:12])[N:21]([H:22])[H:23],32.39120589110158
[Cl:1][C@:5]([C:4]([H:3])([H:31])[C:41]([H:42])([H:43])[H:44])([C:11]#[N:12])[C:21]([H:22])([H:23])[H:24].[F-:2]>>[Cl-:1].[F:2][C@@:5]([C:4]([H:3])([H:31])[C:41]([H:42])([H:43])[H:44])([C:11]#[N:12])[C:21]([H:22])([H:23])[H:24],9.710619388027665
[Br-:2].[Cl:1][C@:5]([C:4]([H:3])([H:31])[N+:41]([O-:42])[O:43])([H:11])[C:21]#[N:22]>>[Br:2][C@@:5]([C:4]([H:3])([H:31])[N+:41]([O-:42])[O:43])([H:11])[C:21]#[N:22].[Cl-:1],23.903476747897443
[F:1][C@:5]([C@:4]([H:3])([N:31]([H:32])[H:33])[C:41]#[N:42])([N+:11]([O-:12])[O:13])[H:21].[H-:2]>>[F-:1].[H:2][C:5]([C@:4]([H:3])([N:31]([H:32])[H:33])[C:41]#[N:42])([N+:11]([O-:12])[O:13])[H:21],14.013318397931874
[Cl-:2].[F:1][C@:5]([C:4]([H:3])([C:31]([H:32])([H:33])[H:34])[H:41])([C:11]#[N:12])[C:21]([H:22])([H:23])[H:24]>>[Cl:2][C@@:5]([C:4]([H:3])([C:31]([H:32])([H:33])[H:34])[H:41])([C:11]#[N:12])[C:21]([H:22])([H:23])[H:24].[F-:1],39.75755038516192
[F:1][C@:5]([C@:4]([H:3])([N:31]([H:32])[H:33])[C:41]#[N:42])([N+:11]([O-:12])[O:13])[N:21]([H:22])[H:23].[H-:2]>>[F-:1].[H:2][C@@:5]([C@:4]([H:3])([N:31]([H:32])[H:33])[C:41]#[N:42])([N+:11]([O-:12])[O:13])[N:21]([H:22])[H:23],21.619674174628848
[Br-:2].[F:1][C@:5]([C:4]([H:3])([N+:31]([O-:32])[O:33])[H:41])([N:11]([H:12])[H:13])[C:21]#[N:22]>>[Br:2][C@@:5]([C:4]([H:3])([N+:31]([O-:32])[O:33])[H:41])([N:11]([H:12])[H:13])[C:21]#[N:22].[F-:1],50.352287320594776
[Br-:2].[F:1][C@:5]([C:4]([H:3])([C:31]#[N:32])[H:41])([N:11]([H:12])[H:13])[C:21]#[N:22]>>[Br:2][C@@:5]([C:4]([H:3])([C:31]#[N:32])[H:41])([N:11]([H:12])[H:13])[C:21]#[N:22].[F-:1],51.19464180937637
[Br:1][C@:5]([C@:4]([H:3])([C:31]#[N:32])[N:41]([H:42])[H:43])([C:11]#[N:12])[C:21]([H:22])([H:23])[H:24].[F-:2]>>[Br-:1].[F:2][C@@:5]([C@:4]([H:3])([C:31]#[N:32])[N:41]([H:42])[H:43])([C:11]#[N:12])[C:21]([H:22])([H:23])[H:24],16.449908783517007
[F-:2].[F:1][C@:5]([C:4]([H:3])([C:31]#[N:32])[C:41]#[N:42])([C:11]#[N:12])[H:21]>>[F-:1].[F:2][C@@:5]([C:4]([H:3])([C:31]#[N:32])[C:41]#[N:42])([C:11]#[N:12])[H:21],9.450983053142767
[Cl:1][C@:5]([C:4]([H:3])([H:31])[C:41]([H:42])([H:43])[H:44])([N:11]([H:12])[H:13])[C:21]#[N:22].[F-:2]>>[Cl-:1].[F:2][C@@:5]([C:4]([H:3])([H:31])[C:41]([H:42])([H:43])[H:44])([N:11]([H:12])[H:13])[C:21]#[N:22],19.666298887762427
[Br:1][C:5]([C@:4]([H:3])([N:31]([H:32])[H:33])[C:41]#[N:42])([H:11])[H:21].[Cl-:2]>>[Br-:1].[Cl:2][C:5]([C@:4]([H:3])([N:31]([H:32])[H:33])[C:41]#[N:42])([H:11])[H:21],28.72711672523556
[Cl:1][C@:5]([C:4]([H:3])([C:31]#[N:32])[C:41]#[N:42])([H:11])[N:21]([H:22])[H:23].[F-:2]>>[Cl-:1].[F:2][C@@:5]([C:4]([H:3])([C:31]#[N:32])[C:41]#[N:42])([H:11])[N:21]([H:22])[H:23],8.343482009990241
[F:1][C@:5]([C:4]([H:3])([H:31])[N:41]([H:42])[H:43])([H:11])[N+:21]([O-:22])[O:23].[H-:2]>>[F-:1].[H:2][C:5]([C:4]([H:3])([H:31])[N:41]([H:42])[H:43])([H:11])[N+:21]([O-:22])[O:23],10.797307401383677
[F-:2].[F:1][C:5]([C@:4]([H:3])([C:31]([H:32])([H:33])[H:34])[C:41]#[N:42])([C:11]([H:12])([H:13])[H:14])[C:21]([H:22])([H:23])[H:24]>>[F-:1].[F:2][C:5]([C@:4]([H:3])([C:31]([H:32])([H:33])[H:34])[C:41]#[N:42])([C:11]([H:12])([H:13])[H:14])[C:21]([H:22])([H:23])[H:24],34.89089394201893
[Cl:1][C@:5]([C@:4]([H:3])([C:31]#[N:32])[C:41]([H:42])([H:43])[H:44])([H:11])[C:21]#[N:22].[F-:2]>>[Cl-:1].[F:2][C@@:5]([C@:4]([H:3])([C:31]#[N:32])[C:41]([H:42])([H:43])[H:44])([H:11])[C:21]#[N:22],11.752288133738393
[Br:1][C@:5]([C:4]([H:3])([H:31])[C:41]#[N:42])([C:11]([H:12])([H:13])[H:14])[C:21]#[N:22].[Cl-:2]>>[Br-:1].[Cl:2][C@@:5]([C:4]([H:3])([H:31])[C:41]#[N:42])([C:11]([H:12])([H:13])[H:14])[C:21]#[N:22],27.597965213773524
[F-:2].[F:1][C@:5]([C@:4]([H:3])([C:31]#[N:32])[N:41]([H:42])[H:43])([N:11]([H:12])[H:13])[H:21]>>[F-:1].[F:2][C@@:5]([C@:4]([H:3])([C:31]#[N:32])[N:41]([H:42])[H:43])([N:11]([H:12])[H:13])[H:21],36.48840584785358
[F-:2].[F:1][C@:5]([C@:4]([H:3])([N:31]([H:32])[H:33])[C:41]#[N:42])([C:11]([H:12])([H:13])[H:14])[N:21]([H:22])[H:23]>>[F-:1].[F:2][C@@:5]([C@:4]([H:3])([N:31]([H:32])[H:33])[C:41]#[N:42])([C:11]([H:12])([H:13])[H:14])[N:21]([H:22])[H:23],36.971412293980606
[Cl-:2].[F:1][C@:5]([C:4]([H:3])([C:31]#[N:32])[H:41])([H:11])[N+:21]([O-:22])[O:23]>>[Cl:2][C@@:5]([C:4]([H:3])([C:31]#[N:32])[H:41])([H:11])[N+:21]([O-:22])[O:23].[F-:1],40.14003062568917
[Cl:1][C@:5]([C:4]([H:3])([N:31]([H:32])[H:33])[N:41]([H:42])[H:43])([N+:11]([O-:12])[O:13])[H:21].[H-:2]>>[Cl-:1].[H:2][C:5]([C:4]([H:3])([N:31]([H:32])[H:33])[N:41]([H:42])[H:43])([N+:11]([O-:12])[O:13])[H:21],14.639628478319544
[Br-:2].[Br:1][C:5]([C:4]([H:3])([C:31]#[N:32])[C:41]#[N:42])([H:11])[H:21]>>[Br-:1].[Br:2][C:5]([C:4]([H:3])([C:31]#[N:32])[C:41]#[N:42])([H:11])[H:21],28.81200403800853
[Br:1][C@:5]([C:4]([H:3])([N+:31]([O-:32])[O:33])[H:41])([C:11]#[N:12])[H:21].[F-:2]>>[Br-:1].[F:2][C@@:5]([C:4]([H:3])([N+:31]([O-:32])[O:33])[H:41])([C:11]#[N:12])[H:21],9.190062329116287
[F:1][C@:5]([C:4]([H:3])([C:31]([H:32])([H:33])[H:34])[H:41])([N:11]([H:12])[H:13])[N+:21]([O-:22])[O:23].[H-:2]>>[F-:1].[H:2][C@@:5]([C:4]([H:3])([C:31]([H:32])([H:33])[H:34])[H:41])([N:11]([H:12])[H:13])[N+:21]([O-:22])[O:23],23.26101144910927
[Cl:1][C@:5]([C:4]([H:3])([C:31]#[N:32])[C:41]#[N:42])([N+:11]([O-:12])[O:13])[C:21]([H:22])([H:23])[H:24].[F-:2]>>[Cl-:1].[F:2][C@@:5]([C:4]([H:3])([C:31]#[N:32])[C:41]#[N:42])([N+:11]([O-:12])[O:13])[C:21]([H:22])([H:23])[H:24],5.291712401777382
[Cl:1][C:5]([C:4]([H:3])([N:31]([H:32])[H:33])[H:41])([C:11]#[N:12])[C:21]#[N:22].[F-:2]>>[Cl-:1].[F:2][C:5]([C:4]([H:3])([N:31]([H:32])[H:33])[H:41])([C:11]#[N:12])[C:21]#[N:22],13.248313238831132
[Br-:2].[F:1][C@:5]([C:4]([H:3])([N:31]([H:32])[H:33])[N:41]([H:42])[H:43])([H:11])[N+:21]([O-:22])[O:23]>>[Br:2][C@@:5]([C:4]([H:3])([N:31]([H:32])[H:33])[N:41]([H:42])[H:43])([H:11])[N+:21]([O-:22])[O:23].[F-:1],36.87907503069028
[Cl:1][C@:5]([C@:4]([H:3])([N+:31]([O-:32])[O:33])[C:41]([H:42])([H:43])[H:44])([N:11]([H:12])[H:13])[C:21]([H:22])([H:23])[H:24].[F-:2]>>[Cl-:1].[F:2][C@@:5]([C@:4]([H:3])([N+:31]([O-:32])[O:33])[C:41]([H:42])([H:43])[H:44])([N:11]([H:12])[H:13])[C:21]([H:22])([H:23])[H:24],27.712076896015617
[Cl:1][C@:5]([C@:4]([H:3])([C:31]([H:32])([H:33])[H:34])[N+:41]([O-:42])[O:43])([C:11]([H:12])([H:13])[H:14])[H:21].[H-:2]>>[Cl-:1].[H:2][C:5]([C@:4]([H:3])([C:31]([H:32])([H:33])[H:34])[N+:41]([O-:42])[O:43])([C:11]([H:12])([H:13])[H:14])[H:21],9.386611846968991
[F-:2].[F:1][C@:5]([C@:4]([H:3])([C:31]([H:32])([H:33])[H:34])[N+:41]([O-:42])[O:43])([H:11])[C:21]([H:22])([H:23])[H:24]>>[F-:1].[F:2][C@@:5]([C@:4]([H:3])([C:31]([H:32])([H:33])[H:34])[N+:41]([O-:42])[O:43])([H:11])[C:21]([H:22])([H:23])[H:24],28.941582703485125
[F-:2].[F:1][C@:5]([C@:4]([H:3])([C:31]([H:32])([H:33])[H:34])[C:41]#[N:42])([C:11]([H:12])([H:13])[H:14])[H:21]>>[F-:1].[F:2][C@@:5]([C@:4]([H:3])([C:31]([H:32])([H:33])[H:34])[C:41]#[N:42])([C:11]([H:12])([H:13])[H:14])[H:21],25.978459777463232
[Cl-:2].[F:1][C@:5]([C@:4]([H:3])([N:31]([H:32])[H:33])[C:41]#[N:42])([N:11]([H:12])[H:13])[H:21]>>[Cl:2][C@@:5]([C@:4]([H:3])([N:31]([H:32])[H:33])[C:41]#[N:42])([N:11]([H:12])[H:13])[H:21].[F-:1],53.56477645333611
[Br:1][C@:5]([C:4]([H:3])([N+:31]([O-:32])[O:33])[H:41])([H:11])[C:21]#[N:22].[Cl-:2]>>[Br-:1].[Cl:2][C@@:5]([C:4]([H:3])([N+:31]([O-:32])[O:33])[H:41])([H:11])[C:21]#[N:22],19.966732448500625
[Cl-:2].[Cl:1][C@:5]([C@:4]([H:3])([C:31]#[N:32])[N+:41]([O-:42])[O:43])([C:11]([H:12])([H:13])[H:14])[H:21]>>[Cl-:1].[Cl:2][C@@:5]([C@:4]([H:3])([C:31]#[N:32])[N+:41]([O-:42])[O:43])([C:11]([H:12])([H:13])[H:14])[H:21],27.6948675970404
[F:1][C@:5]([C@:4]([H:3])([C:31]#[N:32])[C:41]([H:42])([H:43])[H:44])([C:11]([H:12])([H:13])[H:14])[H:21].[H-:2]>>[F-:1].[H:2][C:5]([C@:4]([H:3])([C:31]#[N:32])[C:41]([H:42])([H:43])[H:44])([C:11]([H:12])([H:13])[H:14])[H:21],21.11287599341764
[Cl:1][C@:5]([C:4]([H:3])([N:31]([H:32])[H:33])[H:41])([H:11])[C:21]#[N:22].[F-:2]>>[Cl-:1].[F:2][C@@:5]([C:4]([H:3])([N:31]([H:32])[H:33])[H:41])([H:11])[C:21]#[N:22],13.82206098271724
[Cl-:2].[F:1][C@:5]([C@:4]([H:3])([N:31]([H:32])[H:33])[C:41]([H:42])([H:43])[H:44])([C:11]#[N:12])[H:21]>>[Cl:2][C@@:5]([C@:4]([H:3])([N:31]([H:32])[H:33])[C:41]([H:42])([H:43])[H:44])([C:11]#[N:12])[H:21].[F-:1],42.75364674416728
[F:1][C:5]([C:4]([H:3])([H:31])[H:41])([C:11]([H:12])([H:13])[H:14])[C:21]#[N:22].[H-:2]>>[F-:1].[H:2][C:5]([C:4]([H:3])([H:31])[H:41])([C:11]([H:12])([H:13])[H:14])[C:21]#[N:22],11.57808234473815
[Br:1][C@:5]([C:4]([H:3])([H:31])[C:41]#[N:42])([N:11]([H:12])[H:13])[C:21]([H:22])([H:23])[H:24].[H-:2]>>[Br-:1].[H:2][C@@:5]([C:4]([H:3])([H:31])[C:41]#[N:42])([N:11]([H:12])[H:13])[C:21]([H:22])([H:23])[H:24],14.121809274340723
[F:1][C:5]([C@:4]([H:3])([N+:31]([O-:32])[O:33])[C:41]#[N:42])([N:11]([H:12])[H:13])[N:21]([H:22])[H:23].[H-:2]>>[F-:1].[H:2][C:5]([C@:4]([H:3])([N+:31]([O-:32])[O:33])[C:41]#[N:42])([N:11]([H:12])[H:13])[N:21]([H:22])[H:23],32.38306958012017
[Cl:1][C@:5]([C@:4]([H:3])([C:31]#[N:32])[C:41]([H:42])([H:43])[H:44])([N:11]([H:12])[H:13])[C:21]#[N:22].[F-:2]>>[Cl-:1].[F:2][C@@:5]([C@:4]([H:3])([C:31]#[N:32])[C:41]([H:42])([H:43])[H:44])([N:11]([H:12])[H:13])[C:21]#[N:22],22.99651177464622
[F-:2].[F:1][C@:5]([C:4]([H:3])([H:31])[N+:41]([O-:42])[O:43])([C:11]([H:12])([H:13])[H:14])[N+:21]([O-:22])[O:23]>>[F-:1].[F:2][C@@:5]([C:4]([H:3])([H:31])[N+:41]([O-:42])[O:43])([C:11]([H:12])([H:13])[H:14])[N+:21]([O-:22])[O:23],15.815076903399872
[Br:1][C@:5]([C@:4]([H:3])([C:31]([H:32])([H:33])[H:34])[C:41]#[N:42])([N:11]([H:12])[H:13])[C:21]#[N:22].[H-:2]>>[Br-:1].[H:2][C@@:5]([C@:4]([H:3])([C:31]([H:32])([H:33])[H:34])[C:41]#[N:42])([N:11]([H:12])[H:13])[C:21]#[N:22],7.95906380522668
[F:1][C@:5]([C:4]([H:3])([N:31]([H:32])[H:33])[N:41]([H:42])[H:43])([C:11]#[N:12])[N:21]([H:22])[H:23].[H-:2]>>[F-:1].[H:2][C@@:5]([C:4]([H:3])([N:31]([H:32])[H:33])[N:41]([H:42])[H:43])([C:11]#[N:12])[N:21]([H:22])[H:23],28.14763121289804
[Cl-:2].[F:1][C@:5]([C@:4]([H:3])([N:31]([H:32])[H:33])[C:41]([H:42])([H:43])[H:44])([H:11])[C:21]#[N:22]>>[Cl:2][C@@:5]([C@:4]([H:3])([N:31]([H:32])[H:33])[C:41]([H:42])([H:43])[H:44])([H:11])[C:21]#[N:22].[F-:1],44.69511061288864
[Br-:2].[F:1][C@:5]([C@:4]([H:3])([C:31]#[N:32])[C:41]([H:42])([H:43])[H:44])([H:11])[C:21]([H:22])([H:23])[H:24]>>[Br:2][C@@:5]([C@:4]([H:3])([C:31]#[N:32])[C:41]([H:42])([H:43])[H:44])([H:11])[C:21]([H:22])([H:23])[H:24].[F-:1],47.83532687876389
[Cl-:2].[Cl:1][C:5]([C@:4]([H:3])([C:31]#[N:32])[C:41]([H:42])([H:43])[H:44])([H:11])[H:21]>>[Cl-:1].[Cl:2][C:5]([C@:4]([H:3])([C:31]#[N:32])[C:41]([H:42])([H:43])[H:44])([H:11])[H:21],22.086383265899634
[Br:1][C@:5]([C:4]([H:3])([C:31]([H:32])([H:33])[H:34])[C:41]([H:42])([H:43])[H:44])([H:11])[N:21]([H:22])[H:23].[F-:2]>>[Br-:1].[F:2][C@@:5]([C:4]([H:3])([C:31]([H:32])([H:33])[H:34])[C:41]([H:42])([H:43])[H:44])([H:11])[N:21]([H:22])[H:23],12.65335436269126
[Br:1][C@:5]([C@:4]([H:3])([N+:31]([O-:32])[O:33])[C:41]([H:42])([H:43])[H:44])([H:11])[C:21]([H:22])([H:23])[H:24].[H-:2]>>[Br-:1].[H:2][C:5]([C@:4]([H:3])([N+:31]([O-:32])[O:33])[C:41]([H:42])([H:43])[H:44])([H:11])[C:21]([H:22])([H:23])[H:24],6.4057479446011625
[F:1][C@:5]([C@:4]([H:3])([N:31]([H:32])[H:33])[C:41]([H:42])([H:43])[H:44])([N:11]([H:12])[H:13])[C:21]#[N:22].[H-:2]>>[F-:1].[H:2][C@@:5]([C@:4]([H:3])([N:31]([H:32])[H:33])[C:41]([H:42])([H:43])[H:44])([N:11]([H:12])[H:13])[C:21]#[N:22],26.52000264716685
[Cl:1][C@:5]([C:4]([H:3])([C:31]([H:32])([H:33])[H:34])[C:41]([H:42])([H:43])[H:44])([N+:11]([O-:12])[O:13])[N:21]([H:22])[H:23].[F-:2]>>[Cl-:1].[F:2][C@@:5]([C:4]([H:3])([C:31]([H:32])([H:33])[H:34])[C:41]([H:42])([H:43])[H:44])([N+:11]([O-:12])[O:13])[N:21]([H:22])[H:23],23.12419052766737
[F-:2].[F:1][C@:5]([C@:4]([H:3])([N:31]([H:32])[H:33])[C:41]([H:42])([H:43])[H:44])([H:11])[N:21]([H:22])[H:23]>>[F-:1].[F:2][C@@:5]([C@:4]([H:3])([N:31]([H:32])[H:33])[C:41]([H:42])([H:43])[H:44])([H:11])[N:21]([H:22])[H:23],35.76701829698879
[Cl:1][C@:5]([C:4]([H:3])([C:31]#[N:32])[C:41]#[N:42])([C:11]([H:12])([H:13])[H:14])[N:21]([H:22])[H:23].[F-:2]>>[Cl-:1].[F:2][C@@:5]([C:4]([H:3])([C:31]#[N:32])[C:41]#[N:42])([C:11]([H:12])([H:13])[H:14])[N:21]([H:22])[H:23],35.32201738509673
[Br-:2].[Br:1][C:5]([C@:4]([H:3])([N+:31]([O-:32])[O:33])[N:41]([H:42])[H:43])([H:11])[H:21]>>[Br-:1].[Br:2][C:5]([C@:4]([H:3])([N+:31]([O-:32])[O:33])[N:41]([H:42])[H:43])([H:11])[H:21],26.83339816848021
[Cl-:2].[F:1][C@:5]([C:4]([H:3])([N+:31]([O-:32])[O:33])[H:41])([C:11]([H:12])([H:13])[H:14])[H:21]>>[Cl:2][C@@:5]([C:4]([H:3])([N+:31]([O-:32])[O:33])[H:41])([C:11]([H:12])([H:13])[H:14])[H:21].[F-:1],43.24195728025519
[Cl-:2].[Cl:1][C@:5]([C@:4]([H:3])([N:31]([H:32])[H:33])[C:41]#[N:42])([C:11]#[N:12])[H:21]>>[Cl-:1].[Cl:2][C@@:5]([C@:4]([H:3])([N:31]([H:32])[H:33])[C:41]#[N:42])([C:11]#[N:12])[H:21],33.6900464920711
[Br-:2].[Cl:1][C@:5]([C@:4]([H:3])([C:31]([H:32])([H:33])[H:34])[N:41]([H:42])[H:43])([C:11]#[N:12])[H:21]>>[Br:2][C@@:5]([C@:4]([H:3])([C:31]([H:32])([H:33])[H:34])[N:41]([H:42])[H:43])([C:11]#[N:12])[H:21].[Cl-:1],32.12594318385502
[Cl-:2].[Cl:1][C@:5]([C:4]([H:3])([H:31])[C:41]#[N:42])([C:11]#[N:12])[N+:21]([O-:22])[O:23]>>[Cl-:1].[Cl:2][C@@:5]([C:4]([H:3])([H:31])[C:41]#[N:42])([C:11]#[N:12])[N+:21]([O-:22])[O:23],20.190864878033448
[Cl-:2].[Cl:1][C@:5]([C@:4]([H:3])([N:31]([H:32])[H:33])[C:41]([H:42])([H:43])[H:44])([C:11]#[N:12])[H:21]>>[Cl-:1].[Cl:2][C@@:5]([C@:4]([H:3])([N:31]([H:32])[H:33])[C:41]([H:42])([H:43])[H:44])([C:11]#[N:12])[H:21],27.05279372141533
[Br:1][C@:5]([C@:4]([H:3])([C:31]([H:32])([H:33])[H:34])[C:41]#[N:42])([N+:11]([O-:12])[O:13])[H:21].[Cl-:2]>>[Br-:1].[Cl:2][C@@:5]([C@:4]([H:3])([C:31]([H:32])([H:33])[H:34])[C:41]#[N:42])([N+:11]([O-:12])[O:13])[H:21],23.362423691863576
[Br:1][C@:5]([C:4]([H:3])([N:31]([H:32])[H:33])[H:41])([C:11]#[N:12])[H:21].[F-:2]>>[Br-:1].[F:2][C@@:5]([C:4]([H:3])([N:31]([H:32])[H:33])[H:41])([C:11]#[N:12])[H:21],15.951821117057804
[F:1][C@:5]([C@:4]([H:3])([C:31]#[N:32])[N:41]([H:42])[H:43])([N:11]([H:12])[H:13])[H:21].[H-:2]>>[F-:1].[H:2][C:5]([C@:4]([H:3])([C:31]#[N:32])[N:41]([H:42])[H:43])([N:11]([H:12])[H:13])[H:21],36.73248344447745
[Br-:2].[Cl:1][C@:5]([C:4]([H:3])([N:31]([H:32])[H:33])[H:41])([H:11])[N+:21]([O-:22])[O:23]>>[Br:2][C@@:5]([C:4]([H:3])([N:31]([H:32])[H:33])[H:41])([H:11])[N+:21]([O-:22])[O:23].[Cl-:1],26.165619104898948
[Cl:1][C:5]([C:4]([H:3])([C:31]#[N:32])[C:41]#[N:42])([H:11])[H:21].[F-:2]>>[Cl-:1].[F:2][C:5]([C:4]([H:3])([C:31]#[N:32])[C:41]#[N:42])([H:11])[H:21],6.666680611452593
[Cl-:2].[F:1][C@:5]([C@:4]([H:3])([N:31]([H:32])[H:33])[C:41]#[N:42])([H:11])[C:21]([H:22])([H:23])[H:24]>>[Cl:2][C@@:5]([C@:4]([H:3])([N:31]([H:32])[H:33])[C:41]#[N:42])([H:11])[C:21]([H:22])([H:23])[H:24].[F-:1],48.87905741958964
[Br:1][C@:5]([C@:4]([H:3])([N:31]([H:32])[H:33])[C:41]#[N:42])([N+:11]([O-:12])[O:13])[H:21].[F-:2]>>[Br-:1].[F:2][C@@:5]([C@:4]([H:3])([N:31]([H:32])[H:33])[C:41]#[N:42])([N+:11]([O-:12])[O:13])[H:21],18.094316897047804
[Cl:1][C@:5]([C:4]([H:3])([C:31]([H:32])([H:33])[H:34])[C:41]([H:42])([H:43])[H:44])([N:11]([H:12])[H:13])[H:21].[F-:2]>>[Cl-:1].[F:2][C@@:5]([C:4]([H:3])([C:31]([H:32])([H:33])[H:34])[C:41]([H:42])([H:43])[H:44])([N:11]([H:12])[H:13])[H:21],18.103488148289333
[Cl:1][C:5]([C:4]([H:3])([C:31]([H:32])([H:33])[H:34])[C:41]([H:42])([H:43])[H:44])([H:11])[H:21].[F-:2]>>[Cl-:1].[F:2][C:5]([C:4]([H:3])([C:31]([H:32])([H:33])[H:34])[C:41]([H:42])([H:43])[H:44])([H:11])[H:21],12.840925813302269
[F:1][C@:5]([C:4]([H:3])([C:31]([H:32])([H:33])[H:34])[C:41]([H:42])([H:43])[H:44])([H:11])[N:21]([H:22])[H:23].[H-:2]>>[F-:1].[H:2][C:5]([C:4]([H:3])([C:31]([H:32])([H:33])[H:34])[C:41]([H:42])([H:43])[H:44])([H:11])[N:21]([H:22])[H:23],27.85439426713344
[F-:2].[F:1][C@:5]([C@:4]([H:3])([N+:31]([O-:32])[O:33])[N:41]([H:42])[H:43])([H:11])[C:21]([H:22])([H:23])[H:24]>>[F-:1].[F:2][C@@:5]([C@:4]([H:3])([N+:31]([O-:32])[O:33])[N:41]([H:42])[H:43])([H:11])[C:21]([H:22])([H:23])[H:24],29.7663553828612
[Br:1][C@:5]([C:4]([H:3])([H:31])[N+:41]([O-:42])[O:43])([N+:11]([O-:12])[O:13])[N:21]([H:22])[H:23].[F-:2]>>[Br-:1].[F:2][C@@:5]([C:4]([H:3])([H:31])[N+:41]([O-:42])[O:43])([N+:11]([O-:12])[O:13])[N:21]([H:22])[H:23],20.16834405159785
[F:1][C:5]([C@:4]([H:3])([C:31]([H:32])([H:33])[H:34])[C:41]#[N:42])([C:11]([H:12])([H:13])[H:14])[C:21]([H:22])([H:23])[H:24].[H-:2]>>[F-:1].[H:2][C:5]([C@:4]([H:3])([C:31]([H:32])([H:33])[H:34])[C:41]#[N:42])([C:11]([H:12])([H:13])[H:14])[C:21]([H:22])([H:23])[H:24],29.08400657426669
[Br-:2].[Cl:1][C@:5]([C@:4]([H:3])([C:31]([H:32])([H:33])[H:34])[C:41]#[N:42])([C:11]([H:12])([H:13])[H:14])[H:21]>>[Br:2][C@@:5]([C@:4]([H:3])([C:31]([H:32])([H:33])[H:34])[C:41]#[N:42])([C:11]([H:12])([H:13])[H:14])[H:21].[Cl-:1],34.5614797696735
[Br:1][C@:5]([C@:4]([H:3])([C:31]([H:32])([H:33])[H:34])[C:41]#[N:42])([N:11]([H:12])[H:13])[H:21].[F-:2]>>[Br-:1].[F:2][C@@:5]([C@:4]([H:3])([C:31]([H:32])([H:33])[H:34])[C:41]#[N:42])([N:11]([H:12])[H:13])[H:21],14.942433453293969
[Br:1][C@:5]([C@:4]([H:3])([C:31]([H:32])([H:33])[H:34])[N:41]([H:42])[H:43])([C:11]([H:12])([H:13])[H:14])[H:21].[H-:2]>>[Br-:1].[H:2][C:5]([C@:4]([H:3])([C:31]([H:32])([H:33])[H:34])[N:41]([H:42])[H:43])([C:11]([H:12])([H:13])[H:14])[H:21],13.022126392650154
[Cl-:2].[Cl:1][C@:5]([C:4]([H:3])([N+:31]([O-:32])[O:33])[H:41])([N+:11]([O-:12])[O:13])[H:21]>>[Cl-:1].[Cl:2][C@@:5]([C:4]([H:3])([N+:31]([O-:32])[O:33])[H:41])([N+:11]([O-:12])[O:13])[H:21],22.60957084280137
[Br-:2].[Cl:1][C:5]([C@:4]([H:3])([C:31]#[N:32])[N+:41]([O-:42])[O:43])([H:11])[H:21]>>[Br:2][C:5]([C@:4]([H:3])([C:31]#[N:32])[N+:41]([O-:42])[O:43])([H:11])[H:21].[Cl-:1],32.33653749420942
[F-:2].[F:1][C@:5]([C:4]([H:3])([C:31]#[N:32])[H:41])([H:11])[C:21]#[N:22]>>[F-:1].[F:2][C@@:5]([C:4]([H:3])([C:31]#[N:32])[H:41])([H:11])[C:21]#[N:22],19.07542920959884
[F:1][C:5]([C:4]([H:3])([N+:31]([O-:32])[O:33])[N+:41]([O-:42])[O:43])([H:11])[H:21].[H-:2]>>[F-:1].[H:2][C:5]([C:4]([H:3])([N+:31]([O-:32])[O:33])[N+:41]([O-:42])[O:43])([H:11])[H:21],10.407523213878532
[F:1][C@:5]([C:4]([H:3])([N+:31]([O-:32])[O:33])[H:41])([C:11]([H:12])([H:13])[H:14])[N:21]([H:22])[H:23].[H-:2]>>[F-:1].[H:2][C@@:5]([C:4]([H:3])([N+:31]([O-:32])[O:33])[H:41])([C:11]([H:12])([H:13])[H:14])[N:21]([H:22])[H:23],31.155161329123207
[F:1][C@:5]([C:4]([H:3])([H:31])[N:41]([H:42])[H:43])([N:11]([H:12])[H:13])[H:21].[H-:2]>>[F-:1].[H:2][C:5]([C:4]([H:3])([H:31])[N:41]([H:42])[H:43])([N:11]([H:12])[H:13])[H:21],32.774534796727
[Br:1][C@:5]([C:4]([H:3])([H:31])[N+:41]([O-:42])[O:43])([C:11]#[N:12])[H:21].[F-:2]>>[Br-:1].[F:2][C@@:5]([C:4]([H:3])([H:31])[N+:41]([O-:42])[O:43])([C:11]#[N:12])[H:21],14.445998881649963
[Cl:1][C@:5]([C:4]([H:3])([H:31])[N:41]([H:42])[H:43])([C:11]([H:12])([H:13])[H:14])[C:21]#[N:22].[F-:2]>>[Cl-:1].[F:2][C@@:5]([C:4]([H:3])([H:31])[N:41]([H:42])[H:43])([C:11]([H:12])([H:13])[H:14])[C:21]#[N:22],17.92136452990713
[Br:1][C@:5]([C:4]([H:3])([H:31])[N:41]([H:42])[H:43])([C:11]#[N:12])[N:21]([H:22])[H:23].[F-:2]>>[Br-:1].[F:2][C@@:5]([C:4]([H:3])([H:31])[N:41]([H:42])[H:43])([C:11]#[N:12])[N:21]([H:22])[H:23],21.65245229675333
[F-:2].[F:1][C:5]([C@:4]([H:3])([C:31]([H:32])([H:33])[H:34])[N+:41]([O-:42])[O:43])([H:11])[H:21]>>[F-:1].[F:2][C:5]([C@:4]([H:3])([C:31]([H:32])([H:33])[H:34])[N+:41]([O-:42])[O:43])([H:11])[H:21],25.17664982115973
[F-:2].[F:1][C@:5]([C@:4]([H:3])([N+:31]([O-:32])[O:33])[N:41]([H:42])[H:43])([H:11])[C:21]#[N:22]>>[F-:1].[F:2][C@@:5]([C@:4]([H:3])([N+:31]([O-:32])[O:33])[N:41]([H:42])[H:43])([H:11])[C:21]#[N:22],25.57408597666672
[Cl-:2].[F:1][C@:5]([C:4]([H:3])([N+:31]([O-:32])[O:33])[N+:41]([O-:42])[O:43])([N:11]([H:12])[H:13])[H:21]>>[Cl:2][C@@:5]([C:4]([H:3])([N+:31]([O-:32])[O:33])[N+:41]([O-:42])[O:43])([N:11]([H:12])[H:13])[H:21].[F-:1],46.9015572250076
[Br:1][C:5]([C@:4]([H:3])([C:31]([H:32])([H:33])[H:34])[C:41]#[N:42])([C:11]([H:12])([H:13])[H:14])[C:21]([H:22])([H:23])[H:24].[F-:2]>>[Br-:1].[F:2][C:5]([C@:4]([H:3])([C:31]([H:32])([H:33])[H:34])[C:41]#[N:42])([C:11]([H:12])([H:13])[H:14])[C:21]([H:22])([H:23])[H:24],22.65422682191728
[Cl:1][C:5]([C@:4]([H:3])([C:31]#[N:32])[N+:41]([O-:42])[O:43])([N:11]([H:12])[H:13])[N:21]([H:22])[H:23].[F-:2]>>[Cl-:1].[F:2][C:5]([C@:4]([H:3])([C:31]#[N:32])[N+:41]([O-:42])[O:43])([N:11]([H:12])[H:13])[N:21]([H:22])[H:23],33.43341860245627
[Cl:1][C@:5]([C@:4]([H:3])([C:31]#[N:32])[C:41]([H:42])([H:43])[H:44])([N:11]([H:12])[H:13])[N+:21]([O-:22])[O:23].[F-:2]>>[Cl-:1].[F:2][C@@:5]([C@:4]([H:3])([C:31]#[N:32])[C:41]([H:42])([H:43])[H:44])([N:11]([H:12])[H:13])[N+:21]([O-:22])[O:23],25.451741527103604
[Br:1][C@:5]([C:4]([H:3])([C:31]([H:32])([H:33])[H:34])[H:41])([C:11]#[N:12])[N:21]([H:22])[H:23].[F-:2]>>[Br-:1].[F:2][C@@:5]([C:4]([H:3])([C:31]([H:32])([H:33])[H:34])[H:41])([C:11]#[N:12])[N:21]([H:22])[H:23],13.49447716732984
[Br:1][C@:5]([C@:4]([H:3])([C:31]#[N:32])[N+:41]([O-:42])[O:43])([C:11]([H:12])([H:13])[H:14])[N:21]([H:22])[H:23].[F-:2]>>[Br-:1].[F:2][C@@:5]([C@:4]([H:3])([C:31]#[N:32])[N+:41]([O-:42])[O:43])([C:11]([H:12])([H:13])[H:14])[N:21]([H:22])[H:23],26.95599695138363
[F-:2].[F:1][C@:5]([C:4]([H:3])([C:31]#[N:32])[H:41])([N+:11]([O-:12])[O:13])[C:21]([H:22])([H:23])[H:24]>>[F-:1].[F:2][C@@:5]([C:4]([H:3])([C:31]#[N:32])[H:41])([N+:11]([O-:12])[O:13])[C:21]([H:22])([H:23])[H:24],22.259372491231
[Br-:2].[Cl:1][C@:5]([C@:4]([H:3])([C:31]#[N:32])[N:41]([H:42])[H:43])([N+:11]([O-:12])[O:13])[H:21]>>[Br:2][C@@:5]([C@:4]([H:3])([C:31]#[N:32])[N:41]([H:42])[H:43])([N+:11]([O-:12])[O:13])[H:21].[Cl-:1],34.51338473662486
[F:1][C@:5]([C@:4]([H:3])([C:31]([H:32])([H:33])[H:34])[C:41]#[N:42])([C:11]([H:12])([H:13])[H:14])[N:21]([H:22])[H:23].[H-:2]>>[F-:1].[H:2][C@@:5]([C@:4]([H:3])([C:31]([H:32])([H:33])[H:34])[C:41]#[N:42])([C:11]([H:12])([H:13])[H:14])[N:21]([H:22])[H:23],33.76107105137386
[Cl-:2].[F:1][C@:5]([C@:4]([H:3])([C:31]#[N:32])[N:41]([H:42])[H:43])([H:11])[N+:21]([O-:22])[O:23]>>[Cl:2][C@@:5]([C@:4]([H:3])([C:31]#[N:32])[N:41]([H:42])[H:43])([H:11])[N+:21]([O-:22])[O:23].[F-:1],38.37813927940648
[Cl-:2].[Cl:1][C@:5]([C:4]([H:3])([C:31]([H:32])([H:33])[H:34])[C:41]([H:42])([H:43])[H:44])([C:11]#[N:12])[C:21]([H:22])([H:23])[H:24]>>[Cl-:1].[Cl:2][C@@:5]([C:4]([H:3])([C:31]([H:32])([H:33])[H:34])[C:41]([H:42])([H:43])[H:44])([C:11]#[N:12])[C:21]([H:22])([H:23])[H:24],27.34870994247655
[Br:1][C@:5]([C:4]([H:3])([N:31]([H:32])[H:33])[H:41])([C:11]([H:12])([H:13])[H:14])[H:21].[H-:2]>>[Br-:1].[H:2][C:5]([C:4]([H:3])([N:31]([H:32])[H:33])[H:41])([C:11]([H:12])([H:13])[H:14])[H:21],11.67540543701459
[F:1][C:5]([C@:4]([H:3])([C:31]([H:32])([H:33])[H:34])[N+:41]([O-:42])[O:43])([H:11])[H:21].[H-:2]>>[F-:1].[H:2][C:5]([C:4]([H:3])([C:31]([H:32])([H:33])[H:34])[N+:41]([O-:42])[O:43])([H:11])[H:21],17.015079866270025
[Cl-:2].[F:1][C@:5]([C@:4]([H:3])([C:31]#[N:32])[C:41]([H:42])([H:43])[H:44])([C:11]([H:12])([H:13])[H:14])[H:21]>>[Cl:2][C@@:5]([C@:4]([H:3])([C:31]#[N:32])[C:41]([H:42])([H:43])[H:44])([C:11]([H:12])([H:13])[H:14])[H:21].[F-:1],43.89521130795887
[Cl-:2].[F:1][C:5]([C@:4]([H:3])([C:31]([H:32])([H:33])[H:34])[N:41]([H:42])[H:43])([H:11])[H:21]>>[Cl:2][C:5]([C@:4]([H:3])([C:31]([H:32])([H:33])[H:34])[N:41]([H:42])[H:43])([H:11])[H:21].[F-:1],47.052841839622495
[F-:2].[F:1][C@:5]([C:4]([H:3])([H:31])[N:41]([H:42])[H:43])([N:11]([H:12])[H:13])[N+:21]([O-:22])[O:23]>>[F-:1].[F:2][C@@:5]([C:4]([H:3])([H:31])[N:41]([H:42])[H:43])([N:11]([H:12])[H:13])[N+:21]([O-:22])[O:23],36.006937958719206
[Br-:2].[Cl:1][C@:5]([C:4]([H:3])([H:31])[N+:41]([O-:42])[O:43])([C:11]#[N:12])[H:21]>>[Br:2][C@@:5]([C:4]([H:3])([H:31])[N+:41]([O-:42])[O:43])([C:11]#[N:12])[H:21].[Cl-:1],29.061928909416427
[Cl-:2].[Cl:1][C:5]([C:4]([H:3])([H:31])[C:41]([H:42])([H:43])[H:44])([C:11]([H:12])([H:13])[H:14])[C:21]([H:22])([H:23])[H:24]>>[Cl-:1].[Cl:2][C:5]([C:4]([H:3])([H:31])[C:41]([H:42])([H:43])[H:44])([C:11]([H:12])([H:13])[H:14])[C:21]([H:22])([H:23])[H:24],34.42532791949422
[F-:2].[F:1][C@:5]([C@:4]([H:3])([C:31]([H:32])([H:33])[H:34])[C:41]#[N:42])([C:11]([H:12])([H:13])[H:14])[C:21]#[N:22]>>[F-:1].[F:2][C@@:5]([C@:4]([H:3])([C:31]([H:32])([H:33])[H:34])[C:41]#[N:42])([C:11]([H:12])([H:13])[H:14])[C:21]#[N:22],23.0377651606228
[Br-:2].[Cl:1][C@:5]([C@:4]([H:3])([N+:31]([O-:32])[O:33])[N:41]([H:42])[H:43])([H:11])[C:21]#[N:22]>>[Br:2][C@@:5]([C@:4]([H:3])([N+:31]([O-:32])[O:33])[N:41]([H:42])[H:43])([H:11])[C:21]#[N:22].[Cl-:1],27.40183377273773
[Br-:2].[Br:1][C@:5]([C@:4]([H:3])([N:31]([H:32])[H:33])[C:41]([H:42])([H:43])[H:44])([C:11]#[N:12])[H:21]>>[Br-:1].[Br:2][C@@:5]([C@:4]([H:3])([N:31]([H:32])[H:33])[C:41]([H:42])([H:43])[H:44])([C:11]#[N:12])[H:21],28.66986322889968
[Cl:1][C@:5]([C:4]([H:3])([H:31])[H:41])([H:11])[N:21]([H:22])[H:23].[F-:2]>>[Cl-:1].[F:2][C@@:5]([C:4]([H:3])([H:31])[H:41])([H:11])[N:21]([H:22])[H:23],11.436471642853316
[Br-:2].[Cl:1][C@:5]([C:4]([H:3])([N+:31]([O-:32])[O:33])[H:41])([C:11]([H:12])([H:13])[H:14])[H:21]>>[Br:2][C@@:5]([C:4]([H:3])([N+:31]([O-:32])[O:33])[H:41])([C:11]([H:12])([H:13])[H:14])[H:21].[Cl-:1],32.684221264416664
[Cl-:2].[F:1][C@:5]([C:4]([H:3])([H:31])[C:41]([H:42])([H:43])[H:44])([N:11]([H:12])[H:13])[N+:21]([O-:22])[O:23]>>[Cl:2][C@@:5]([C:4]([H:3])([H:31])[C:41]([H:42])([H:43])[H:44])([N:11]([H:12])[H:13])[N+:21]([O-:22])[O:23].[F-:1],51.03784336928916
[Br:1][C:5]([C@:4]([H:3])([C:31]#[N:32])[N:41]([H:42])[H:43])([C:11]([H:12])([H:13])[H:14])[C:21]([H:22])([H:23])[H:24].[H-:2]>>[Br-:1].[H:2][C:5]([C@:4]([H:3])([C:31]#[N:32])[N:41]([H:42])[H:43])([C:11]([H:12])([H:13])[H:14])[C:21]([H:22])([H:23])[H:24],23.143994151459765
[Br-:2].[Cl:1][C@:5]([C:4]([H:3])([H:31])[C:41]([H:42])([H:43])[H:44])([H:11])[C:21]([H:22])([H:23])[H:24]>>[Br:2][C@@:5]([C:4]([H:3])([H:31])[C:41]([H:42])([H:43])[H:44])([H:11])[C:21]([H:22])([H:23])[H:24].[Cl-:1],26.86214214156719
[F:1][C@:5]([C:4]([H:3])([N+:31]([O-:32])[O:33])[H:41])([H:11])[C:21]#[N:22].[H-:2]>>[F-:1].[H:2][C:5]([C:4]([H:3])([N+:31]([O-:32])[O:33])[H:41])([H:11])[C:21]#[N:22],4.883294431792707
[F:1][C@:5]([C:4]([H:3])([H:31])[C:41]([H:42])([H:43])[H:44])([C:11]#[N:12])[N:21]([H:22])[H:23].[H-:2]>>[F-:1].[H:2][C@@:5]([C:4]([H:3])([H:31])[C:41]([H:42])([H:43])[H:44])([C:11]#[N:12])[N:21]([H:22])[H:23],22.79501007089637
[Cl-:2].[Cl:1][C:5]([C@:4]([H:3])([C:31]#[N:32])[N:41]([H:42])[H:43])([H:11])[H:21]>>[Cl-:1].[Cl:2][C:5]([C@:4]([H:3])([C:31]#[N:32])[N:41]([H:42])[H:43])([H:11])[H:21],25.592721682277684
[F-:2].[F:1][C@:5]([C@:4]([H:3])([C:31]([H:32])([H:33])[H:34])[C:41]#[N:42])([H:11])[C:21]#[N:22]>>[F-:1].[F:2][C@@:5]([C@:4]([H:3])([C:31]([H:32])([H:33])[H:34])[C:41]#[N:42])([H:11])[C:21]#[N:22],20.83885331521423
[Br:1][C:5]([C@:4]([H:3])([N:31]([H:32])[H:33])[N+:41]([O-:42])[O:43])([H:11])[H:21].[F-:2]>>[Br-:1].[F:2][C:5]([C@:4]([H:3])([N:31]([H:32])[H:33])[N+:41]([O-:42])[O:43])([H:11])[H:21],22.291831648264107
[Cl:1][C@:5]([C:4]([H:3])([H:31])[C:41]([H:42])([H:43])[H:44])([C:11]([H:12])([H:13])[H:14])[N+:21]([O-:22])[O:23].[F-:2]>>[Cl-:1].[F:2][C@@:5]([C:4]([H:3])([H:31])[C:41]([H:42])([H:43])[H:44])([C:11]([H:12])([H:13])[H:14])[N+:21]([O-:22])[O:23],13.69067611599428
[F-:2].[F:1][C@:5]([C@:4]([H:3])([C:31]([H:32])([H:33])[H:34])[N:41]([H:42])[H:43])([C:11]#[N:12])[C:21]([H:22])([H:23])[H:24]>>[F-:1].[F:2][C@@:5]([C@:4]([H:3])([C:31]([H:32])([H:33])[H:34])[N:41]([H:42])[H:43])([C:11]#[N:12])[C:21]([H:22])([H:23])[H:24],31.39989448161638
[Br-:2].[F:1][C@:5]([C:4]([H:3])([C:31]#[N:32])[H:41])([C:11]([H:12])([H:13])[H:14])[H:21]>>[Br:2][C@@:5]([C:4]([H:3])([C:31]#[N:32])[H:41])([C:11]([H:12])([H:13])[H:14])[H:21].[F-:1],46.88350796575833
[F:1][C@:5]([C:4]([H:3])([N:31]([H:32])[H:33])[N:41]([H:42])[H:43])([C:11]([H:12])([H:13])[H:14])[H:21].[H-:2]>>[F-:1].[H:2][C:5]([C:4]([H:3])([N:31]([H:32])[H:33])[N:41]([H:42])[H:43])([C:11]([H:12])([H:13])[H:14])[H:21],29.79685658101457
[Cl-:2].[F:1][C@:5]([C@:4]([H:3])([N+:31]([O-:32])[O:33])[C:41]#[N:42])([N:11]([H:12])[H:13])[C:21]#[N:22]>>[Cl:2][C@@:5]([C@:4]([H:3])([N+:31]([O-:32])[O:33])[C:41]#[N:42])([N:11]([H:12])[H:13])[C:21]#[N:22].[F-:1],45.202289386155854
[Cl:1][C@:5]([C@:4]([H:3])([C:31]#[N:32])[C:41]([H:42])([H:43])[H:44])([H:11])[C:21]([H:22])([H:23])[H:24].[F-:2]>>[Cl-:1].[F:2][C@@:5]([C@:4]([H:3])([C:31]#[N:32])[C:41]([H:42])([H:43])[H:44])([H:11])[C:21]([H:22])([H:23])[H:24],13.896647850832494
[Cl:1][C:5]([C:4]([H:3])([N:31]([H:32])[H:33])[N:41]([H:42])[H:43])([C:11]([H:12])([H:13])[H:14])[C:21]([H:22])([H:23])[H:24].[F-:2]>>[Cl-:1].[F:2][C:5]([C:4]([H:3])([N:31]([H:32])[H:33])[N:41]([H:42])[H:43])([C:11]([H:12])([H:13])[H:14])[C:21]([H:22])([H:23])[H:24],30.30373915043768
[F-:2].[F:1][C@:5]([C:4]([H:3])([N+:31]([O-:32])[O:33])[N+:41]([O-:42])[O:43])([C:11]#[N:12])[N:21]([H:22])[H:23]>>[F-:1].[F:2][C@@:5]([C:4]([H:3])([N+:31]([O-:32])[O:33])[N+:41]([O-:42])[O:43])([C:11]#[N:12])[N:21]([H:22])[H:23],28.57632429253129
[Cl-:2].[F:1][C:5]([C@:4]([H:3])([N+:31]([O-:32])[O:33])[C:41]([H:42])([H:43])[H:44])([H:11])[H:21]>>[Cl:2][C:5]([C@:4]([H:3])([N+:31]([O-:32])[O:33])[C:41]([H:42])([H:43])[H:44])([H:11])[H:21].[F-:1],40.26677660952453
[Cl:1][C@:5]([C@:4]([H:3])([C:31]([H:32])([H:33])[H:34])[N+:41]([O-:42])[O:43])([C:11]([H:12])([H:13])[H:14])[H:21].[F-:2]>>[Cl-:1].[F:2][C@@:5]([C@:4]([H:3])([C:31]([H:32])([H:33])[H:34])[N+:41]([O-:42])[O:43])([C:11]([H:12])([H:13])[H:14])[H:21],18.63520837364218
[F-:2].[F:1][C@:5]([C:4]([H:3])([H:31])[C:41]#[N:42])([C:11]#[N:12])[C:21]([H:22])([H:23])[H:24]>>[F-:1].[F:2][C@@:5]([C:4]([H:3])([H:31])[C:41]#[N:42])([C:11]#[N:12])[C:21]([H:22])([H:23])[H:24],23.692034609590724
[Br:1][C@:5]([C@:4]([H:3])([C:31]#[N:32])[N:41]([H:42])[H:43])([C:11]#[N:12])[N:21]([H:22])[H:23].[F-:2]>>[Br-:1].[F:2][C@@:5]([C@:4]([H:3])([C:31]#[N:32])[N:41]([H:42])[H:43])([C:11]#[N:12])[N:21]([H:22])[H:23],18.72297767646766
[Cl-:2].[F:1][C@:5]([C@:4]([H:3])([C:31]([H:32])([H:33])[H:34])[N:41]([H:42])[H:43])([C:11]#[N:12])[N+:21]([O-:22])[O:23]>>[Cl:2][C@@:5]([C@:4]([H:3])([C:31]([H:32])([H:33])[H:34])[N:41]([H:42])[H:43])([C:11]#[N:12])[N+:21]([O-:22])[O:23].[F-:1],36.480999794214135
[Br-:2].[Cl:1][C:5]([C@:4]([H:3])([C:31]#[N:32])[N:41]([H:42])[H:43])([C:11]([H:12])([H:13])[H:14])[C:21]([H:22])([H:23])[H:24]>>[Br:2][C:5]([C@:4]([H:3])([C:31]#[N:32])[N:41]([H:42])[H:43])([C:11]([H:12])([H:13])[H:14])[C:21]([H:22])([H:23])[H:24].[Cl-:1],42.71725108620213
[Cl-:2].[F:1][C@:5]([C@:4]([H:3])([C:31]([H:32])([H:33])[H:34])[C:41]#[N:42])([H:11])[C:21]([H:22])([H:23])[H:24]>>[Cl:2][C@@:5]([C@:4]([H:3])([C:31]([H:32])([H:33])[H:34])[C:41]#[N:42])([H:11])[C:21]([H:22])([H:23])[H:24].[F-:1],45.77440381959455
[F-:2].[F:1][C@:5]([C@:4]([H:3])([N+:31]([O-:32])[O:33])[C:41]([H:42])([H:43])[H:44])([N+:11]([O-:12])[O:13])[H:21]>>[F-:1].[F:2][C@@:5]([C@:4]([H:3])([N+:31]([O-:32])[O:33])[C:41]([H:42])([H:43])[H:44])([N+:11]([O-:12])[O:13])[H:21],12.768189970485675
[Br:1][C@:5]([C:4]([H:3])([C:31]#[N:32])[H:41])([C:11]#[N:12])[N:21]([H:22])[H:23].[H-:2]>>[Br-:1].[H:2][C@@:5]([C:4]([H:3])([C:31]#[N:32])[H:41])([C:11]#[N:12])[N:21]([H:22])[H:23],2.0188938476426297
[Br:1][C@:5]([C@:4]([H:3])([N+:31]([O-:32])[O:33])[C:41]#[N:42])([H:11])[C:21]([H:22])([H:23])[H:24].[F-:2]>>[Br-:1].[F:2][C@@:5]([C@:4]([H:3])([N+:31]([O-:32])[O:33])[C:41]#[N:42])([H:11])[C:21]([H:22])([H:23])[H:24],4.895636309713857
[Br:1][C@:5]([C@:4]([H:3])([C:31]([H:32])([H:33])[H:34])[C:41]#[N:42])([H:11])[C:21]([H:22])([H:23])[H:24].[H-:2]>>[Br-:1].[H:2][C:5]([C@:4]([H:3])([C:31]([H:32])([H:33])[H:34])[C:41]#[N:42])([H:11])[C:21]([H:22])([H:23])[H:24],11.70393733769798
[Br:1][C@:5]([C:4]([H:3])([C:31]([H:32])([H:33])[H:34])[H:41])([N+:11]([O-:12])[O:13])[N:21]([H:22])[H:23].[F-:2]>>[Br-:1].[F:2][C@@:5]([C:4]([H:3])([C:31]([H:32])([H:33])[H:34])[H:41])([N+:11]([O-:12])[O:13])[N:21]([H:22])[H:23],14.21357427916812
[F:1][C@:5]([C@:4]([H:3])([N:31]([H:32])[H:33])[C:41]#[N:42])([N:11]([H:12])[H:13])[N+:21]([O-:22])[O:23].[H-:2]>>[F-:1].[H:2][C@@:5]([C@:4]([H:3])([N:31]([H:32])[H:33])[C:41]#[N:42])([N:11]([H:12])[H:13])[N+:21]([O-:22])[O:23],16.731294640260803
[Br:1][C@:5]([C@:4]([H:3])([N:31]([H:32])[H:33])[C:41]#[N:42])([N+:11]([O-:12])[O:13])[N:21]([H:22])[H:23].[F-:2]>>[Br-:1].[F:2][C@@:5]([C@:4]([H:3])([N:31]([H:32])[H:33])[C:41]#[N:42])([N+:11]([O-:12])[O:13])[N:21]([H:22])[H:23],21.223190116493512
[F:1][C@:5]([C@:4]([H:3])([C:31]#[N:32])[C:41]([H:42])([H:43])[H:44])([C:11]#[N:12])[C:21]([H:22])([H:23])[H:24].[H-:2]>>[F-:1].[H:2][C@@:5]([C@:4]([H:3])([C:31]#[N:32])[C:41]([H:42])([H:43])[H:44])([C:11]#[N:12])[C:21]([H:22])([H:23])[H:24],11.310565420053868
[Cl-:2].[Cl:1][C@:5]([C:4]([H:3])([H:31])[C:41]([H:42])([H:43])[H:44])([H:11])[C:21]([H:22])([H:23])[H:24]>>[Cl-:1].[Cl:2][C@@:5]([C:4]([H:3])([H:31])[C:41]([H:42])([H:43])[H:44])([H:11])[C:21]([H:22])([H:23])[H:24],21.52851597194884
[Cl-:2].[Cl:1][C@:5]([C@:4]([H:3])([N:31]([H:32])[H:33])[C:41]([H:42])([H:43])[H:44])([C:11]([H:12])([H:13])[H:14])[H:21]>>[Cl-:1].[Cl:2][C@@:5]([C@:4]([H:3])([N:31]([H:32])[H:33])[C:41]([H:42])([H:43])[H:44])([C:11]([H:12])([H:13])[H:14])[H:21],32.440802366530924
[Cl-:2].[Cl:1][C@:5]([C:4]([H:3])([H:31])[C:41]#[N:42])([H:11])[N+:21]([O-:22])[O:23]>>[Cl-:1].[Cl:2][C@@:5]([C:4]([H:3])([H:31])[C:41]#[N:42])([H:11])[N+:21]([O-:22])[O:23],21.111071431314507
[Br:1][C@:5]([C:4]([H:3])([H:31])[C:41]([H:42])([H:43])[H:44])([H:11])[C:21]([H:22])([H:23])[H:24].[Cl-:2]>>[Br-:1].[Cl:2][C@@:5]([C:4]([H:3])([H:31])[C:41]([H:42])([H:43])[H:44])([H:11])[C:21]([H:22])([H:23])[H:24],19.101343967834826
[Br:1][C@:5]([C@:4]([H:3])([C:31]([H:32])([H:33])[H:34])[N:41]([H:42])[H:43])([N+:11]([O-:12])[O:13])[C:21]([H:22])([H:23])[H:24].[H-:2]>>[Br-:1].[H:2][C@@:5]([C@:4]([H:3])([C:31]([H:32])([H:33])[H:34])[N:41]([H:42])[H:43])([N+:11]([O-:12])[O:13])[C:21]([H:22])([H:23])[H:24],0.9843920025040296
[Br-:2].[F:1][C@:5]([C:4]([H:3])([C:31]([H:32])([H:33])[H:34])[H:41])([H:11])[C:21]([H:22])([H:23])[H:24]>>[Br:2][C@@:5]([C:4]([H:3])([C:31]([H:32])([H:33])[H:34])[H:41])([H:11])[C:21]([H:22])([H:23])[H:24].[F-:1],48.2519872250712
[Br:1][C@:5]([C@:4]([H:3])([N:31]([H:32])[H:33])[N+:41]([O-:42])[O:43])([H:11])[N:21]([H:22])[H:23].[H-:2]>>[Br-:1].[H:2][C:5]([C@:4]([H:3])([N:31]([H:32])[H:33])[N+:41]([O-:42])[O:43])([H:11])[N:21]([H:22])[H:23],13.987054823045163
[Cl:1][C@:5]([C:4]([H:3])([N:31]([H:32])[H:33])[N:41]([H:42])[H:43])([H:11])[N:21]([H:22])[H:23].[H-:2]>>[Cl-:1].[H:2][C:5]([C:4]([H:3])([N:31]([H:32])[H:33])[N:41]([H:42])[H:43])([H:11])[N:21]([H:22])[H:23],23.1707190890052
[Cl:1][C@:5]([C@:4]([H:3])([N+:31]([O-:32])[O:33])[N:41]([H:42])[H:43])([H:11])[C:21]([H:22])([H:23])[H:24].[H-:2]>>[Cl-:1].[H:2][C:5]([C@:4]([H:3])([N+:31]([O-:32])[O:33])[N:41]([H:42])[H:43])([H:11])[C:21]([H:22])([H:23])[H:24],14.407960489824855
[Br:1][C@:5]([C@:4]([H:3])([N:31]([H:32])[H:33])[C:41]#[N:42])([C:11]([H:12])([H:13])[H:14])[C:21]#[N:22].[Cl-:2]>>[Br-:1].[Cl:2][C@@:5]([C@:4]([H:3])([N:31]([H:32])[H:33])[C:41]#[N:42])([C:11]([H:12])([H:13])[H:14])[C:21]#[N:22],26.923015748697964
[Br:1][C@:5]([C:4]([H:3])([N:31]([H:32])[H:33])[H:41])([C:11]([H:12])([H:13])[H:14])[C:21]#[N:22].[F-:2]>>[Br-:1].[F:2][C@@:5]([C:4]([H:3])([N:31]([H:32])[H:33])[H:41])([C:11]([H:12])([H:13])[H:14])[C:21]#[N:22],14.084731103342564
[Cl-:2].[Cl:1][C@:5]([C@:4]([H:3])([N:31]([H:32])[H:33])[N+:41]([O-:42])[O:43])([C:11]([H:12])([H:13])[H:14])[H:21]>>[Cl-:1].[Cl:2][C@@:5]([C@:4]([H:3])([N:31]([H:32])[H:33])[N+:41]([O-:42])[O:43])([C:11]([H:12])([H:13])[H:14])[H:21],35.51716078876265
[Cl:1][C@:5]([C:4]([H:3])([C:31]#[N:32])[H:41])([N:11]([H:12])[H:13])[C:21]#[N:22].[F-:2]>>[Cl-:1].[F:2][C@@:5]([C:4]([H:3])([C:31]#[N:32])[H:41])([N:11]([H:12])[H:13])[C:21]#[N:22],20.81445596908324
[Cl:1][C@:5]([C@:4]([H:3])([N+:31]([O-:32])[O:33])[C:41]#[N:42])([H:11])[N:21]([H:22])[H:23].[F-:2]>>[Cl-:1].[F:2][C@@:5]([C@:4]([H:3])([N+:31]([O-:32])[O:33])[C:41]#[N:42])([H:11])[N:21]([H:22])[H:23],24.836583999349408
[Br-:2].[Cl:1][C@:5]([C:4]([H:3])([C:31]#[N:32])[C:41]#[N:42])([C:11]#[N:12])[H:21]>>[Br:2][C@@:5]([C:4]([H:3])([C:31]#[N:32])[C:41]#[N:42])([C:11]#[N:12])[H:21].[Cl-:1],29.94119619527252
[Br:1][C@:5]([C@:4]([H:3])([N:31]([H:32])[H:33])[C:41]([H:42])([H:43])[H:44])([C:11]([H:12])([H:13])[H:14])[H:21].[H-:2]>>[Br-:1].[H:2][C:5]([C@:4]([H:3])([N:31]([H:32])[H:33])[C:41]([H:42])([H:43])[H:44])([C:11]([H:12])([H:13])[H:14])[H:21],13.67705895122558
[Cl-:2].[Cl:1][C@:5]([C@:4]([H:3])([N+:31]([O-:32])[O:33])[C:41]#[N:42])([C:11]#[N:12])[H:21]>>[Cl-:1].[Cl:2][C@@:5]([C@:4]([H:3])([N+:31]([O-:32])[O:33])[C:41]#[N:42])([C:11]#[N:12])[H:21],25.32598990059449
[F-:2].[F:1][C@:5]([C:4]([H:3])([C:31]#[N:32])[H:41])([H:11])[N+:21]([O-:22])[O:23]>>[F-:1].[F:2][C@@:5]([C:4]([H:3])([C:31]#[N:32])[H:41])([H:11])[N+:21]([O-:22])[O:23],8.418704905708399
[Cl:1][C@:5]([C:4]([H:3])([H:31])[C:41]#[N:42])([H:11])[C:21]#[N:22].[F-:2]>>[Cl-:1].[F:2][C@@:5]([C:4]([H:3])([H:31])[C:41]#[N:42])([H:11])[C:21]#[N:22],9.298721573783489
[F:1][C@:5]([C@:4]([H:3])([C:31]#[N:32])[N:41]([H:42])[H:43])([N:11]([H:12])[H:13])[N+:21]([O-:22])[O:23].[H-:2]>>[F-:1].[H:2][C@@:5]([C@:4]([H:3])([C:31]#[N:32])[N:41]([H:42])[H:43])([N:11]([H:12])[H:13])[N+:21]([O-:22])[O:23],28.57539398315769
[F:1][C@:5]([C:4]([H:3])([H:31])[N+:41]([O-:42])[O:43])([N:11]([H:12])[H:13])[C:21]([H:22])([H:23])[H:24].[H-:2]>>[F-:1].[H:2][C@@:5]([C:4]([H:3])([H:31])[N+:41]([O-:42])[O:43])([N:11]([H:12])[H:13])[C:21]([H:22])([H:23])[H:24],40.16652662986044
[Cl-:2].[Cl:1][C:5]([C:4]([H:3])([H:31])[H:41])([C:11]#[N:12])[C:21]([H:22])([H:23])[H:24]>>[Cl-:1].[Cl:2][C:5]([C:4]([H:3])([H:31])[H:41])([C:11]#[N:12])[C:21]([H:22])([H:23])[H:24],22.171222752326543
[Br:1][C@:5]([C@:4]([H:3])([N:31]([H:32])[H:33])[C:41]#[N:42])([H:11])[C:21]#[N:22].[Cl-:2]>>[Br-:1].[Cl:2][C@@:5]([C@:4]([H:3])([N:31]([H:32])[H:33])[C:41]#[N:42])([H:11])[C:21]#[N:22],29.4086484842668
[Br:1][C@:5]([C@:4]([H:3])([C:31]([H:32])([H:33])[H:34])[N:41]([H:42])[H:43])([H:11])[C:21]([H:22])([H:23])[H:24].[Cl-:2]>>[Br-:1].[Cl:2][C@@:5]([C@:4]([H:3])([C:31]([H:32])([H:33])[H:34])[N:41]([H:42])[H:43])([H:11])[C:21]([H:22])([H:23])[H:24],27.871477311181327
[Cl-:2].[Cl:1][C@:5]([C:4]([H:3])([H:31])[C:41]([H:42])([H:43])[H:44])([C:11]#[N:12])[C:21]([H:22])([H:23])[H:24]>>[Cl-:1].[Cl:2][C@@:5]([C:4]([H:3])([H:31])[C:41]([H:42])([H:43])[H:44])([C:11]#[N:12])[C:21]([H:22])([H:23])[H:24],24.28327262598157
[Br:1][C@:5]([C@:4]([H:3])([C:31]#[N:32])[N+:41]([O-:42])[O:43])([C:11]([H:12])([H:13])[H:14])[H:21].[F-:2]>>[Br-:1].[F:2][C@@:5]([C@:4]([H:3])([C:31]#[N:32])[N+:41]([O-:42])[O:43])([C:11]([H:12])([H:13])[H:14])[H:21],5.853609565399034
[Cl:1][C@:5]([C:4]([H:3])([C:31]([H:32])([H:33])[H:34])[H:41])([C:11]#[N:12])[H:21].[F-:2]>>[Cl-:1].[F:2][C@@:5]([C:4]([H:3])([C:31]([H:32])([H:33])[H:34])[H:41])([C:11]#[N:12])[H:21],7.528486005466513
[Cl-:2].[Cl:1][C:5]([C@:4]([H:3])([N+:31]([O-:32])[O:33])[C:41]#[N:42])([H:11])[H:21]>>[Cl-:1].[Cl:2][C:5]([C@:4]([H:3])([N+:31]([O-:32])[O:33])[C:41]#[N:42])([H:11])[H:21],27.752589850329752
[F-:2].[F:1][C@:5]([C:4]([H:3])([H:31])[C:41]#[N:42])([N:11]([H:12])[H:13])[C:21]([H:22])([H:23])[H:24]>>[F-:1].[F:2][C@@:5]([C:4]([H:3])([H:31])[C:41]#[N:42])([N:11]([H:12])[H:13])[C:21]([H:22])([H:23])[H:24],41.154655078074846
[Cl:1][C@:5]([C:4]([H:3])([C:31]#[N:32])[H:41])([N:11]([H:12])[H:13])[N+:21]([O-:22])[O:23].[H-:2]>>[Cl-:1].[H:2][C@@:5]([C:4]([H:3])([C:31]#[N:32])[H:41])([N:11]([H:12])[H:13])[N+:21]([O-:22])[O:23],11.86196268901742
[Br:1][C@:5]([C:4]([H:3])([N+:31]([O-:32])[O:33])[H:41])([C:11]([H:12])([H:13])[H:14])[C:21]#[N:22].[F-:2]>>[Br-:1].[F:2][C@@:5]([C:4]([H:3])([N+:31]([O-:32])[O:33])[H:41])([C:11]([H:12])([H:13])[H:14])[C:21]#[N:22],14.647069406826937
[F:1][C@:5]([C@:4]([H:3])([N+:31]([O-:32])[O:33])[C:41]#[N:42])([N:11]([H:12])[H:13])[H:21].[H-:2]>>[F-:1].[H:2][C:5]([C@:4]([H:3])([N+:31]([O-:32])[O:33])[C:41]#[N:42])([N:11]([H:12])[H:13])[H:21],24.23312507913832
[Cl-:2].[F:1][C@:5]([C@:4]([H:3])([N+:31]([O-:32])[O:33])[C:41]#[N:42])([C:11]([H:12])([H:13])[H:14])[H:21]>>[Cl:2][C@@:5]([C@:4]([H:3])([N+:31]([O-:32])[O:33])[C:41]#[N:42])([C:11]([H:12])([H:13])[H:14])[H:21].[F-:1],43.7405108522208
[Cl:1][C:5]([C@:4]([H:3])([C:31]#[N:32])[C:41]([H:42])([H:43])[H:44])([C:11]([H:12])([H:13])[H:14])[C:21]([H:22])([H:23])[H:24].[F-:2]>>[Cl-:1].[F:2][C:5]([C@:4]([H:3])([C:31]#[N:32])[C:41]([H:42])([H:43])[H:44])([C:11]([H:12])([H:13])[H:14])[C:21]([H:22])([H:23])[H:24],24.66775073657157
[Cl:1][C@:5]([C:4]([H:3])([N:31]([H:32])[H:33])[N:41]([H:42])[H:43])([C:11]#[N:12])[N:21]([H:22])[H:23].[H-:2]>>[Cl-:1].[H:2][C@@:5]([C:4]([H:3])([N:31]([H:32])[H:33])[N:41]([H:42])[H:43])([C:11]#[N:12])[N:21]([H:22])[H:23],16.227167154832376
[F-:2].[F:1][C@:5]([C:4]([H:3])([H:31])[C:41]([H:42])([H:43])[H:44])([C:11]([H:12])([H:13])[H:14])[H:21]>>[F-:1].[F:2][C@@:5]([C:4]([H:3])([H:31])[C:41]([H:42])([H:43])[H:44])([C:11]([H:12])([H:13])[H:14])[H:21],24.294174041958858
[F-:2].[F:1][C@:5]([C:4]([H:3])([N+:31]([O-:32])[O:33])[H:41])([N:11]([H:12])[H:13])[H:21]>>[F-:1].[F:2][C@@:5]([C:4]([H:3])([N+:31]([O-:32])[O:33])[H:41])([N:11]([H:12])[H:13])[H:21],29.254725760347466
[Br:1][C@:5]([C@:4]([H:3])([N+:31]([O-:32])[O:33])[C:41]([H:42])([H:43])[H:44])([C:11]#[N:12])[N:21]([H:22])[H:23].[F-:2]>>[Br-:1].[F:2][C@@:5]([C@:4]([H:3])([N+:31]([O-:32])[O:33])[C:41]([H:42])([H:43])[H:44])([C:11]#[N:12])[N:21]([H:22])[H:23],16.099590564725965
[Cl:1][C@:5]([C@:4]([H:3])([C:31]#[N:32])[N+:41]([O-:42])[O:43])([C:11]#[N:12])[H:21].[F-:2]>>[Cl-:1].[F:2][C@@:5]([C@:4]([H:3])([C:31]#[N:32])[N+:41]([O-:42])[O:43])([C:11]#[N:12])[H:21],8.6857622881556
[Cl:1][C@:5]([C@:4]([H:3])([N:31]([H:32])[H:33])[C:41]([H:42])([H:43])[H:44])([N+:11]([O-:12])[O:13])[N:21]([H:22])[H:23].[H-:2]>>[Cl-:1].[H:2][C@@:5]([C@:4]([H:3])([N:31]([H:32])[H:33])[C:41]([H:42])([H:43])[H:44])([N+:11]([O-:12])[O:13])[N:21]([H:22])[H:23],14.47351022777193
[Br-:2].[Cl:1][C@:5]([C@:4]([H:3])([N:31]([H:32])[H:33])[C:41]#[N:42])([H:11])[C:21]([H:22])([H:23])[H:24]>>[Br:2][C@@:5]([C@:4]([H:3])([N:31]([H:32])[H:33])[C:41]#[N:42])([H:11])[C:21]([H:22])([H:23])[H:24].[Cl-:1],37.42812381558564
[Cl-:2].[Cl:1][C@:5]([C@:4]([H:3])([C:31]([H:32])([H:33])[H:34])[N+:41]([O-:42])[O:43])([C:11]([H:12])([H:13])[H:14])[H:21]>>[Cl-:1].[Cl:2][C@@:5]([C@:4]([H:3])([C:31]([H:32])([H:33])[H:34])[N+:41]([O-:42])[O:43])([C:11]([H:12])([H:13])[H:14])[H:21],30.282806015735304
[F:1][C@:5]([C@:4]([H:3])([C:31]#[N:32])[N+:41]([O-:42])[O:43])([C:11]#[N:12])[N:21]([H:22])[H:23].[H-:2]>>[F-:1].[H:2][C@@:5]([C@:4]([H:3])([C:31]#[N:32])[N+:41]([O-:42])[O:43])([C:11]#[N:12])[N:21]([H:22])[H:23],17.59162415471451
[Br:1][C@:5]([C:4]([H:3])([H:31])[C:41]([H:42])([H:43])[H:44])([H:11])[N+:21]([O-:22])[O:23].[Cl-:2]>>[Br-:1].[Cl:2][C@@:5]([C:4]([H:3])([H:31])[C:41]([H:42])([H:43])[H:44])([H:11])[N+:21]([O-:22])[O:23],15.870594486949985
[F:1][C@:5]([C:4]([H:3])([H:31])[C:41]([H:42])([H:43])[H:44])([C:11]([H:12])([H:13])[H:14])[N:21]([H:22])[H:23].[H-:2]>>[F-:1].[H:2][C@@:5]([C:4]([H:3])([H:31])[C:41]([H:42])([H:43])[H:44])([C:11]([H:12])([H:13])[H:14])[N:21]([H:22])[H:23],35.631480015793294
[Cl:1][C@:5]([C:4]([H:3])([N:31]([H:32])[H:33])[N:41]([H:42])[H:43])([H:11])[C:21]#[N:22].[F-:2]>>[Cl-:1].[F:2][C@@:5]([C:4]([H:3])([N:31]([H:32])[H:33])[N:41]([H:42])[H:43])([H:11])[C:21]#[N:22],28.79514846007246
[Cl:1][C@:5]([C:4]([H:3])([C:31]#[N:32])[C:41]#[N:42])([H:11])[C:21]([H:22])([H:23])[H:24].[F-:2]>>[Cl-:1].[F:2][C@@:5]([C:4]([H:3])([C:31]#[N:32])[C:41]#[N:42])([H:11])[C:21]([H:22])([H:23])[H:24],4.195536656778021
[F:1][C@:5]([C@:4]([H:3])([N:31]([H:32])[H:33])[C:41]([H:42])([H:43])[H:44])([C:11]([H:12])([H:13])[H:14])[N:21]([H:22])[H:23].[H-:2]>>[F-:1].[H:2][C@@:5]([C@:4]([H:3])([N:31]([H:32])[H:33])[C:41]([H:42])([H:43])[H:44])([C:11]([H:12])([H:13])[H:14])[N:21]([H:22])[H:23],33.124175700998684
[Cl-:2].[Cl:1][C:5]([C@:4]([H:3])([N:31]([H:32])[H:33])[C:41]#[N:42])([H:11])[H:21]>>[Cl-:1].[Cl:2][C:5]([C@:4]([H:3])([N:31]([H:32])[H:33])[C:41]#[N:42])([H:11])[H:21],32.69110928072649
[Cl-:2].[F:1][C@:5]([C:4]([H:3])([N:31]([H:32])[H:33])[N:41]([H:42])[H:43])([H:11])[N+:21]([O-:22])[O:23]>>[Cl:2][C@@:5]([C:4]([H:3])([N:31]([H:32])[H:33])[N:41]([H:42])[H:43])([H:11])[N+:21]([O-:22])[O:23].[F-:1],32.44924186640051
[F:1][C@:5]([C:4]([H:3])([N:31]([H:32])[H:33])[N:41]([H:42])[H:43])([N+:11]([O-:12])[O:13])[H:21].[H-:2]>>[F-:1].[H:2][C:5]([C:4]([H:3])([N:31]([H:32])[H:33])[N:41]([H:42])[H:43])([N+:11]([O-:12])[O:13])[H:21],25.883141834073463
[Br-:2].[Br:1][C@:5]([C:4]([H:3])([H:31])[N:41]([H:42])[H:43])([H:11])[N+:21]([O-:22])[O:23]>>[Br-:1].[Br:2][C@@:5]([C:4]([H:3])([H:31])[N:41]([H:42])[H:43])([H:11])[N+:21]([O-:22])[O:23],26.015315258486503
[Cl:1][C@:5]([C:4]([H:3])([H:31])[N:41]([H:42])[H:43])([C:11]([H:12])([H:13])[H:14])[N+:21]([O-:22])[O:23].[F-:2]>>[Cl-:1].[F:2][C@@:5]([C:4]([H:3])([H:31])[N:41]([H:42])[H:43])([C:11]([H:12])([H:13])[H:14])[N+:21]([O-:22])[O:23],17.15487438157396
[Br-:2].[Br:1][C@:5]([C@:4]([H:3])([N:31]([H:32])[H:33])[C:41]([H:42])([H:43])[H:44])([H:11])[N+:21]([O-:22])[O:23]>>[Br-:1].[Br:2][C@@:5]([C@:4]([H:3])([N:31]([H:32])[H:33])[C:41]([H:42])([H:43])[H:44])([H:11])[N+:21]([O-:22])[O:23],23.430432855213542
[Br:1][C@:5]([C@:4]([H:3])([C:31]([H:32])([H:33])[H:34])[N:41]([H:42])[H:43])([C:11]([H:12])([H:13])[H:14])[H:21].[F-:2]>>[Br-:1].[F:2][C@@:5]([C@:4]([H:3])([C:31]([H:32])([H:33])[H:34])[N:41]([H:42])[H:43])([C:11]([H:12])([H:13])[H:14])[H:21],19.80396737902392
[Cl:1][C@:5]([C:4]([H:3])([C:31]([H:32])([H:33])[H:34])[C:41]([H:42])([H:43])[H:44])([N:11]([H:12])[H:13])[N+:21]([O-:22])[O:23].[H-:2]>>[Cl-:1].[H:2][C@@:5]([C:4]([H:3])([C:31]([H:32])([H:33])[H:34])[C:41]([H:42])([H:43])[H:44])([N:11]([H:12])[H:13])[N+:21]([O-:22])[O:23],12.838787310424705
[Br-:2].[F:1][C@:5]([C@:4]([H:3])([C:31]#[N:32])[N:41]([H:42])[H:43])([H:11])[C:21]([H:22])([H:23])[H:24]>>[Br:2][C@@:5]([C@:4]([H:3])([C:31]#[N:32])[N:41]([H:42])[H:43])([H:11])[C:21]([H:22])([H:23])[H:24].[F-:1],48.24148350234224
[Cl-:2].[Cl:1][C:5]([C@:4]([H:3])([N+:31]([O-:32])[O:33])[N:41]([H:42])[H:43])([H:11])[H:21]>>[Cl-:1].[Cl:2][C:5]([C@:4]([H:3])([N+:31]([O-:32])[O:33])[N:41]([H:42])[H:43])([H:11])[H:21],27.21747888301137
[Br-:2].[Br:1][C:5]([C@:4]([H:3])([N:31]([H:32])[H:33])[N+:41]([O-:42])[O:43])([H:11])[H:21]>>[Br-:1].[Br:2][C:5]([C@:4]([H:3])([N:31]([H:32])[H:33])[N+:41]([O-:42])[O:43])([H:11])[H:21],28.25861473215735
[F:1][C:5]([C:4]([H:3])([H:31])[C:41]([H:42])([H:43])[H:44])([N:11]([H:12])[H:13])[N:21]([H:22])[H:23].[H-:2]>>[F-:1].[H:2][C:5]([C:4]([H:3])([H:31])[C:41]([H:42])([H:43])[H:44])([N:11]([H:12])[H:13])[N:21]([H:22])[H:23],40.09064784079081
[Cl:1][C@:5]([C:4]([H:3])([H:31])[C:41]#[N:42])([C:11]([H:12])([H:13])[H:14])[N:21]([H:22])[H:23].[H-:2]>>[Cl-:1].[H:2][C@@:5]([C:4]([H:3])([H:31])[C:41]#[N:42])([C:11]([H:12])([H:13])[H:14])[N:21]([H:22])[H:23],25.90383330215149
[Cl-:2].[F:1][C:5]([C@:4]([H:3])([C:31]#[N:32])[N:41]([H:42])[H:43])([C:11]([H:12])([H:13])[H:14])[C:21]([H:22])([H:23])[H:24]>>[Cl:2][C:5]([C@:4]([H:3])([C:31]#[N:32])[N:41]([H:42])[H:43])([C:11]([H:12])([H:13])[H:14])[C:21]([H:22])([H:23])[H:24].[F-:1],49.77468054900381
[Br:1][C:5]([C@:4]([H:3])([N:31]([H:32])[H:33])[C:41]([H:42])([H:43])[H:44])([C:11]([H:12])([H:13])[H:14])[C:21]([H:22])([H:23])[H:24].[F-:2]>>[Br-:1].[F:2][C:5]([C@:4]([H:3])([N:31]([H:32])[H:33])[C:41]([H:42])([H:43])[H:44])([C:11]([H:12])([H:13])[H:14])[C:21]([H:22])([H:23])[H:24],25.700781741440363
[Br-:2].[F:1][C@:5]([C@:4]([H:3])([N+:31]([O-:32])[O:33])[C:41]([H:42])([H:43])[H:44])([C:11]([H:12])([H:13])[H:14])[H:21]>>[Br:2][C@@:5]([C@:4]([H:3])([N+:31]([O-:32])[O:33])[C:41]([H:42])([H:43])[H:44])([C:11]([H:12])([H:13])[H:14])[H:21].[F-:1],48.141583720393896
[Br:1][C:5]([C@:4]([H:3])([C:31]#[N:32])[N+:41]([O-:42])[O:43])([H:11])[H:21].[F-:2]>>[Br-:1].[F:2][C:5]([C@:4]([H:3])([C:31]#[N:32])[N+:41]([O-:42])[O:43])([H:11])[H:21],4.776085610149459
[Br:1][C@:5]([C@:4]([H:3])([N:31]([H:32])[H:33])[N+:41]([O-:42])[O:43])([H:11])[C:21]([H:22])([H:23])[H:24].[Cl-:2]>>[Br-:1].[Cl:2][C@@:5]([C@:4]([H:3])([N:31]([H:32])[H:33])[N+:41]([O-:42])[O:43])([H:11])[C:21]([H:22])([H:23])[H:24],28.27534708713188
[Br:1][C@:5]([C:4]([H:3])([H:31])[C:41]([H:42])([H:43])[H:44])([H:11])[C:21]([H:22])([H:23])[H:24].[F-:2]>>[Br-:1].[F:2][C@@:5]([C:4]([H:3])([H:31])[C:41]([H:42])([H:43])[H:44])([H:11])[C:21]([H:22])([H:23])[H:24],8.314802672752215
[Br:1][C:5]([C:4]([H:3])([C:31]#[N:32])[C:41]#[N:42])([C:11]([H:12])([H:13])[H:14])[C:21]([H:22])([H:23])[H:24].[Cl-:2]>>[Br-:1].[Cl:2][C:5]([C:4]([H:3])([C:31]#[N:32])[C:41]#[N:42])([C:11]([H:12])([H:13])[H:14])[C:21]([H:22])([H:23])[H:24],36.39561440467435
[F-:2].[F:1][C@:5]([C@:4]([H:3])([C:31]#[N:32])[N:41]([H:42])[H:43])([C:11]#[N:12])[N:21]([H:22])[H:23]>>[F-:1].[F:2][C@@:5]([C@:4]([H:3])([C:31]#[N:32])[N:41]([H:42])[H:43])([C:11]#[N:12])[N:21]([H:22])[H:23],37.71278755116913
[Cl-:2].[F:1][C@:5]([C@:4]([H:3])([N:31]([H:32])[H:33])[N+:41]([O-:42])[O:43])([C:11]#[N:12])[N:21]([H:22])[H:23]>>[Cl:2][C@@:5]([C@:4]([H:3])([N:31]([H:32])[H:33])[N+:41]([O-:42])[O:43])([C:11]#[N:12])[N:21]([H:22])[H:23].[F-:1],48.45211628845464
[F-:2].[F:1][C@:5]([C@:4]([H:3])([N:31]([H:32])[H:33])[C:41]#[N:42])([H:11])[N:21]([H:22])[H:23]>>[F-:1].[F:2][C@@:5]([C@:4]([H:3])([N:31]([H:32])[H:33])[C:41]#[N:42])([H:11])[N:21]([H:22])[H:23],34.39131439800479
[Cl:1][C@:5]([C@:4]([H:3])([C:31]#[N:32])[C:41]([H:42])([H:43])[H:44])([N+:11]([O-:12])[O:13])[H:21].[F-:2]>>[Cl-:1].[F:2][C@@:5]([C@:4]([H:3])([C:31]#[N:32])[C:41]([H:42])([H:43])[H:44])([N+:11]([O-:12])[O:13])[H:21],3.0965316852562945
[F-:2].[F:1][C@:5]([C:4]([H:3])([N:31]([H:32])[H:33])[N:41]([H:42])[H:43])([C:11]([H:12])([H:13])[H:14])[N:21]([H:22])[H:23]>>[F-:1].[F:2][C@@:5]([C:4]([H:3])([N:31]([H:32])[H:33])[N:41]([H:42])[H:43])([C:11]([H:12])([H:13])[H:14])[N:21]([H:22])[H:23],40.05213631349943
[Cl:1][C@:5]([C@:4]([H:3])([C:31]([H:32])([H:33])[H:34])[C:41]#[N:42])([H:11])[C:21]#[N:22].[F-:2]>>[Cl-:1].[F:2][C@@:5]([C@:4]([H:3])([C:31]([H:32])([H:33])[H:34])[C:41]#[N:42])([H:11])[C:21]#[N:22],15.620696788286905
[Br:1][C@:5]([C@:4]([H:3])([C:31]#[N:32])[C:41]([H:42])([H:43])[H:44])([H:11])[N:21]([H:22])[H:23].[H-:2]>>[Br-:1].[H:2][C:5]([C@:4]([H:3])([C:31]#[N:32])[C:41]([H:42])([H:43])[H:44])([H:11])[N:21]([H:22])[H:23],9.932492237465212
[Br-:2].[F:1][C@:5]([C:4]([H:3])([H:31])[C:41]#[N:42])([H:11])[C:21]([H:22])([H:23])[H:24]>>[Br:2][C@@:5]([C:4]([H:3])([H:31])[C:41]#[N:42])([H:11])[C:21]([H:22])([H:23])[H:24].[F-:1],48.86656553204833
[Br-:2].[Br:1][C@:5]([C:4]([H:3])([H:31])[C:41]#[N:42])([C:11]#[N:12])[N:21]([H:22])[H:23]>>[Br-:1].[Br:2][C@@:5]([C:4]([H:3])([H:31])[C:41]#[N:42])([C:11]#[N:12])[N:21]([H:22])[H:23],32.04180805701667
[Cl-:2].[F:1][C@:5]([C@:4]([H:3])([N:31]([H:32])[H:33])[C:41]([H:42])([H:43])[H:44])([C:11]([H:12])([H:13])[H:14])[H:21]>>[Cl:2][C@@:5]([C@:4]([H:3])([N:31]([H:32])[H:33])[C:41]([H:42])([H:43])[H:44])([C:11]([H:12])([H:13])[H:14])[H:21].[F-:1],49.794407300211866
[Cl:1][C@:5]([C:4]([H:3])([H:31])[C:41]#[N:42])([C:11]#[N:12])[N+:21]([O-:22])[O:23].[F-:2]>>[Cl-:1].[F:2][C@@:5]([C:4]([H:3])([H:31])[C:41]#[N:42])([C:11]#[N:12])[N+:21]([O-:22])[O:23],7.942187164420709
[Br:1][C@:5]([C:4]([H:3])([C:31]([H:32])([H:33])[H:34])[C:41]([H:42])([H:43])[H:44])([H:11])[N:21]([H:22])[H:23].[H-:2]>>[Br-:1].[H:2][C:5]([C:4]([H:3])([C:31]([H:32])([H:33])[H:34])[C:41]([H:42])([H:43])[H:44])([H:11])[N:21]([H:22])[H:23],10.338645726185057
[Br:1][C:5]([C:4]([H:3])([C:31]([H:32])([H:33])[H:34])[C:41]([H:42])([H:43])[H:44])([C:11]([H:12])([H:13])[H:14])[C:21]([H:22])([H:23])[H:24].[F-:2]>>[Br-:1].[F:2][C:5]([C:4]([H:3])([C:31]([H:32])([H:33])[H:34])[C:41]([H:42])([H:43])[H:44])([C:11]([H:12])([H:13])[H:14])[C:21]([H:22])([H:23])[H:24],19.31639325015795
[Cl:1][C@:5]([C:4]([H:3])([C:31]#[N:32])[H:41])([N:11]([H:12])[H:13])[N+:21]([O-:22])[O:23].[F-:2]>>[Cl-:1].[F:2][C@@:5]([C:4]([H:3])([C:31]#[N:32])[H:41])([N:11]([H:12])[H:13])[N+:21]([O-:22])[O:23],22.00341186871593
[F-:2].[F:1][C@:5]([C:4]([H:3])([H:31])[N:41]([H:42])[H:43])([C:11]#[N:12])[N+:21]([O-:22])[O:23]>>[F-:1].[F:2][C@@:5]([C:4]([H:3])([H:31])[N:41]([H:42])[H:43])([C:11]#[N:12])[N+:21]([O-:22])[O:23],18.548800226217804
[F-:2].[F:1][C@:5]([C@:4]([H:3])([C:31]([H:32])([H:33])[H:34])[N:41]([H:42])[H:43])([C:11]([H:12])([H:13])[H:14])[N+:21]([O-:22])[O:23]>>[F-:1].[F:2][C@@:5]([C@:4]([H:3])([C:31]([H:32])([H:33])[H:34])[N:41]([H:42])[H:43])([C:11]([H:12])([H:13])[H:14])[N+:21]([O-:22])[O:23],33.196004103994674
[Br:1][C@:5]([C:4]([H:3])([C:31]#[N:32])[C:41]#[N:42])([H:11])[C:21]([H:22])([H:23])[H:24].[F-:2]>>[Br-:1].[F:2][C@@:5]([C:4]([H:3])([C:31]#[N:32])[C:41]#[N:42])([H:11])[C:21]([H:22])([H:23])[H:24],4.0978188757680645
[Br-:2].[F:1][C@:5]([C:4]([H:3])([H:31])[H:41])([N:11]([H:12])[H:13])[C:21]#[N:22]>>[Br:2][C@@:5]([C:4]([H:3])([H:31])[H:41])([N:11]([H:12])[H:13])[C:21]#[N:22].[F-:1],51.73038822985937
[Cl-:2].[F:1][C:5]([C:4]([H:3])([H:31])[N:41]([H:42])[H:43])([C:11]([H:12])([H:13])[H:14])[C:21]([H:22])([H:23])[H:24]>>[Cl:2][C:5]([C:4]([H:3])([H:31])[N:41]([H:42])[H:43])([C:11]([H:12])([H:13])[H:14])[C:21]([H:22])([H:23])[H:24].[F-:1],53.87411061257922
[F-:2].[F:1][C@:5]([C@:4]([H:3])([N+:31]([O-:32])[O:33])[C:41]([H:42])([H:43])[H:44])([C:11]#[N:12])[C:21]([H:22])([H:23])[H:24]>>[F-:1].[F:2][C@@:5]([C@:4]([H:3])([N+:31]([O-:32])[O:33])[C:41]([H:42])([H:43])[H:44])([C:11]#[N:12])[C:21]([H:22])([H:23])[H:24],15.721686399826789
[Br:1][C:5]([C:4]([H:3])([H:31])[C:41]([H:42])([H:43])[H:44])([C:11]([H:12])([H:13])[H:14])[C:21]([H:22])([H:23])[H:24].[Cl-:2]>>[Br-:1].[Cl:2][C:5]([C:4]([H:3])([H:31])[C:41]([H:42])([H:43])[H:44])([C:11]([H:12])([H:13])[H:14])[C:21]([H:22])([H:23])[H:24],31.20778534227798
[Br:1][C@:5]([C@:4]([H:3])([C:31]#[N:32])[C:41]([H:42])([H:43])[H:44])([H:11])[C:21]#[N:22].[F-:2]>>[Br-:1].[F:2][C@@:5]([C@:4]([H:3])([C:31]#[N:32])[C:41]([H:42])([H:43])[H:44])([H:11])[C:21]#[N:22],9.73300949125398
[F-:2].[F:1][C@:5]([C:4]([H:3])([H:31])[N+:41]([O-:42])[O:43])([H:11])[N+:21]([O-:22])[O:23]>>[F-:1].[F:2][C@@:5]([C:4]([H:3])([H:31])[N+:41]([O-:42])[O:43])([H:11])[N+:21]([O-:22])[O:23],10.053949436027606
[Br-:2].[Cl:1][C@:5]([C:4]([H:3])([C:31]#[N:32])[H:41])([C:11]([H:12])([H:13])[H:14])[H:21]>>[Br:2][C@@:5]([C:4]([H:3])([C:31]#[N:32])[H:41])([C:11]([H:12])([H:13])[H:14])[H:21].[Cl-:1],30.785567970923616
[Br-:2].[Cl:1][C@:5]([C:4]([H:3])([H:31])[C:41]([H:42])([H:43])[H:44])([N+:11]([O-:12])[O:13])[H:21]>>[Br:2][C@@:5]([C:4]([H:3])([H:31])[C:41]([H:42])([H:43])[H:44])([N+:11]([O-:12])[O:13])[H:21].[Cl-:1],29.83768719665107
[Cl:1][C@:5]([C@:4]([H:3])([C:31]#[N:32])[N+:41]([O-:42])[O:43])([N:11]([H:12])[H:13])[H:21].[F-:2]>>[Cl-:1].[F:2][C@@:5]([C@:4]([H:3])([C:31]#[N:32])[N+:41]([O-:42])[O:43])([N:11]([H:12])[H:13])[H:21],23.84967440400293
[Cl-:2].[F:1][C@:5]([C@:4]([H:3])([N:31]([H:32])[H:33])[N+:41]([O-:42])[O:43])([H:11])[C:21]([H:22])([H:23])[H:24]>>[Cl:2][C@@:5]([C@:4]([H:3])([N:31]([H:32])[H:33])[N+:41]([O-:42])[O:43])([H:11])[C:21]([H:22])([H:23])[H:24].[F-:1],44.00151152200735
[Br:1][C@:5]([C:4]([H:3])([N+:31]([O-:32])[O:33])[H:41])([C:11]([H:12])([H:13])[H:14])[H:21].[H-:2]>>[Br-:1].[H:2][C:5]([C:4]([H:3])([N+:31]([O-:32])[O:33])[H:41])([C:11]([H:12])([H:13])[H:14])[H:21],9.943250518978877
[Cl:1][C@:5]([C:4]([H:3])([H:31])[C:41]#[N:42])([C:11]([H:12])([H:13])[H:14])[C:21]#[N:22].[H-:2]>>[Cl-:1].[H:2][C@@:5]([C:4]([H:3])([H:31])[C:41]#[N:42])([C:11]([H:12])([H:13])[H:14])[C:21]#[N:22],1.7326194604511165
[Cl-:2].[F:1][C@:5]([C:4]([H:3])([H:31])[C:41]([H:42])([H:43])[H:44])([C:11]#[N:12])[H:21]>>[Cl:2][C@@:5]([C:4]([H:3])([H:31])[C:41]([H:42])([H:43])[H:44])([C:11]#[N:12])[H:21].[F-:1],37.19213464238347
[Cl-:2].[Cl:1][C@:5]([C:4]([H:3])([C:31]([H:32])([H:33])[H:34])[H:41])([N+:11]([O-:12])[O:13])[C:21]([H:22])([H:23])[H:24]>>[Cl-:1].[Cl:2][C@@:5]([C:4]([H:3])([C:31]([H:32])([H:33])[H:34])[H:41])([N+:11]([O-:12])[O:13])[C:21]([H:22])([H:23])[H:24],26.92977922969206
[Cl-:2].[Cl:1][C@:5]([C:4]([H:3])([H:31])[H:41])([H:11])[C:21]#[N:22]>>[Cl-:1].[Cl:2][C@@:5]([C:4]([H:3])([H:31])[H:41])([H:11])[C:21]#[N:22],16.67559729922922
[Cl:1][C@:5]([C:4]([H:3])([N:31]([H:32])[H:33])[N:41]([H:42])[H:43])([N+:11]([O-:12])[O:13])[N:21]([H:22])[H:23].[F-:2]>>[Cl-:1].[F:2][C@@:5]([C:4]([H:3])([N:31]([H:32])[H:33])[N:41]([H:42])[H:43])([N+:11]([O-:12])[O:13])[N:21]([H:22])[H:23],29.921522828327
[Br:1][C:5]([C@:4]([H:3])([C:31]#[N:32])[N:41]([H:42])[H:43])([H:11])[H:21].[F-:2]>>[Br-:1].[F:2][C:5]([C@:4]([H:3])([C:31]#[N:32])[N:41]([H:42])[H:43])([H:11])[H:21],12.898776306974266
[Cl:1][C@:5]([C@:4]([H:3])([N:31]([H:32])[H:33])[C:41]#[N:42])([C:11]#[N:12])[H:21].[F-:2]>>[Cl-:1].[F:2][C@@:5]([C@:4]([H:3])([N:31]([H:32])[H:33])[C:41]#[N:42])([C:11]#[N:12])[H:21],19.627016397684987
[Cl:1][C@:5]([C:4]([H:3])([H:31])[N:41]([H:42])[H:43])([N:11]([H:12])[H:13])[C:21]#[N:22].[F-:2]>>[Cl-:1].[F:2][C@@:5]([C:4]([H:3])([H:31])[N:41]([H:42])[H:43])([N:11]([H:12])[H:13])[C:21]#[N:22],21.567872103830982
[Cl-:2].[Cl:1][C@:5]([C@:4]([H:3])([N+:31]([O-:32])[O:33])[N:41]([H:42])[H:43])([H:11])[C:21]([H:22])([H:23])[H:24]>>[Cl-:1].[Cl:2][C@@:5]([C@:4]([H:3])([N+:31]([O-:32])[O:33])[N:41]([H:42])[H:43])([H:11])[C:21]([H:22])([H:23])[H:24],26.685877470701467
[Cl-:2].[F:1][C@:5]([C:4]([H:3])([H:31])[N+:41]([O-:42])[O:43])([H:11])[C:21]#[N:22]>>[Cl:2][C@@:5]([C:4]([H:3])([H:31])[N+:41]([O-:42])[O:43])([H:11])[C:21]#[N:22].[F-:1],35.565048826416685
[Br-:2].[Br:1][C:5]([C:4]([H:3])([N:31]([H:32])[H:33])[H:41])([H:11])[H:21]>>[Br-:1].[Br:2][C:5]([C:4]([H:3])([N:31]([H:32])[H:33])[H:41])([H:11])[H:21],25.274231566633954
[Br-:2].[Br:1][C@:5]([C:4]([H:3])([C:31]([H:32])([H:33])[H:34])[H:41])([C:11]#[N:12])[H:21]>>[Br-:1].[Br:2][C@@:5]([C:4]([H:3])([C:31]([H:32])([H:33])[H:34])[H:41])([C:11]#[N:12])[H:21],22.41701819632232
[Br-:2].[F:1][C@:5]([C:4]([H:3])([N:31]([H:32])[H:33])[H:41])([H:11])[N+:21]([O-:22])[O:23]>>[Br:2][C@@:5]([C:4]([H:3])([N:31]([H:32])[H:33])[H:41])([H:11])[N+:21]([O-:22])[O:23].[F-:1],36.25810459855753
[Cl:1][C@:5]([C:4]([H:3])([H:31])[C:41]#[N:42])([C:11]#[N:12])[H:21].[H-:2]>>[Cl-:1].[H:2][C:5]([C:4]([H:3])([H:31])[C:41]#[N:42])([C:11]#[N:12])[H:21],1.7564446725398986
[Cl-:2].[F:1][C@:5]([C@:4]([H:3])([C:31]([H:32])([H:33])[H:34])[N:41]([H:42])[H:43])([C:11]#[N:12])[H:21]>>[Cl:2][C@@:5]([C@:4]([H:3])([C:31]([H:32])([H:33])[H:34])[N:41]([H:42])[H:43])([C:11]#[N:12])[H:21].[F-:1],42.92959543153928
[F:1][C@:5]([C:4]([H:3])([H:31])[N:41]([H:42])[H:43])([N+:11]([O-:12])[O:13])[C:21]([H:22])([H:23])[H:24].[H-:2]>>[F-:1].[H:2][C@@:5]([C:4]([H:3])([H:31])[N:41]([H:42])[H:43])([N+:11]([O-:12])[O:13])[C:21]([H:22])([H:23])[H:24],15.029792337814191
[F:1][C@:5]([C:4]([H:3])([H:31])[N+:41]([O-:42])[O:43])([H:11])[C:21]([H:22])([H:23])[H:24].[H-:2]>>[F-:1].[H:2][C:5]([C:4]([H:3])([H:31])[N+:41]([O-:42])[O:43])([H:11])[C:21]([H:22])([H:23])[H:24],19.699881956462697
[F:1][C:5]([C:4]([H:3])([H:31])[C:41]#[N:42])([N:11]([H:12])[H:13])[N:21]([H:22])[H:23].[H-:2]>>[F-:1].[H:2][C:5]([C:4]([H:3])([H:31])[C:41]#[N:42])([N:11]([H:12])[H:13])[N:21]([H:22])[H:23],40.55624021017286
[Cl-:2].[F:1][C@:5]([C:4]([H:3])([C:31]([H:32])([H:33])[H:34])[H:41])([C:11]#[N:12])[N:21]([H:22])[H:23]>>[Cl:2][C@@:5]([C:4]([H:3])([C:31]([H:32])([H:33])[H:34])[H:41])([C:11]#[N:12])[N:21]([H:22])[H:23].[F-:1],49.29112912178094
[F-:2].[F:1][C:5]([C:4]([H:3])([H:31])[C:41]#[N:42])([C:11]#[N:12])[C:21]#[N:22]>>[F-:1].[F:2][C:5]([C:4]([H:3])([H:31])[C:41]#[N:42])([C:11]#[N:12])[C:21]#[N:22],13.483612857604358
[Cl-:2].[Cl:1][C:5]([C:4]([H:3])([N:31]([H:32])[H:33])[N:41]([H:42])[H:43])([C:11]#[N:12])[C:21]#[N:22]>>[Cl-:1].[Cl:2][C:5]([C:4]([H:3])([N:31]([H:32])[H:33])[N:41]([H:42])[H:43])([C:11]#[N:12])[C:21]#[N:22],29.915705328106085
[F:1][C@:5]([C@:4]([H:3])([N+:31]([O-:32])[O:33])[C:41]([H:42])([H:43])[H:44])([N:11]([H:12])[H:13])[C:21]#[N:22].[H-:2]>>[F-:1].[H:2][C@@:5]([C@:4]([H:3])([N+:31]([O-:32])[O:33])[C:41]([H:42])([H:43])[H:44])([N:11]([H:12])[H:13])[C:21]#[N:22],21.560641592322693
[Br-:2].[F:1][C@:5]([C:4]([H:3])([H:31])[N:41]([H:42])[H:43])([H:11])[C:21]([H:22])([H:23])[H:24]>>[Br:2][C@@:5]([C:4]([H:3])([H:31])[N:41]([H:42])[H:43])([H:11])[C:21]([H:22])([H:23])[H:24].[F-:1],50.33611116569785
[Cl-:2].[Cl:1][C:5]([C:4]([H:3])([H:31])[C:41]#[N:42])([C:11]#[N:12])[C:21]#[N:22]>>[Cl-:1].[Cl:2][C:5]([C:4]([H:3])([H:31])[C:41]#[N:42])([C:11]#[N:12])[C:21]#[N:22],17.743154032655667
[F:1][C@:5]([C:4]([H:3])([H:31])[C:41]#[N:42])([C:11]([H:12])([H:13])[H:14])[N:21]([H:22])[H:23].[H-:2]>>[F-:1].[H:2][C@@:5]([C:4]([H:3])([H:31])[C:41]#[N:42])([C:11]([H:12])([H:13])[H:14])[N:21]([H:22])[H:23],33.95100390939191
[F:1][C@:5]([C:4]([H:3])([H:31])[N+:41]([O-:42])[O:43])([H:11])[N:21]([H:22])[H:23].[H-:2]>>[F-:1].[H:2][C:5]([C:4]([H:3])([H:31])[N+:41]([O-:42])[O:43])([H:11])[N:21]([H:22])[H:23],25.828098948856173
[Br:1][C@:5]([C:4]([H:3])([N:31]([H:32])[H:33])[H:41])([N+:11]([O-:12])[O:13])[H:21].[Cl-:2]>>[Br-:1].[Cl:2][C@@:5]([C:4]([H:3])([N:31]([H:32])[H:33])[H:41])([N+:11]([O-:12])[O:13])[H:21],24.164867678113616
[Cl:1][C:5]([C@:4]([H:3])([C:31]#[N:32])[N:41]([H:42])[H:43])([C:11]([H:12])([H:13])[H:14])[C:21]([H:22])([H:23])[H:24].[F-:2]>>[Cl-:1].[F:2][C:5]([C@:4]([H:3])([C:31]#[N:32])[N:41]([H:42])[H:43])([C:11]([H:12])([H:13])[H:14])[C:21]([H:22])([H:23])[H:24],26.779708367485235
[Cl:1][C@:5]([C:4]([H:3])([C:31]([H:32])([H:33])[H:34])[C:41]([H:42])([H:43])[H:44])([C:11]([H:12])([H:13])[H:14])[N:21]([H:22])[H:23].[H-:2]>>[Cl-:1].[H:2][C@@:5]([C:4]([H:3])([C:31]([H:32])([H:33])[H:34])[C:41]([H:42])([H:43])[H:44])([C:11]([H:12])([H:13])[H:14])[N:21]([H:22])[H:23],27.786560780153728
[F-:2].[F:1][C:5]([C:4]([H:3])([N+:31]([O-:32])[O:33])[H:41])([N:11]([H:12])[H:13])[N:21]([H:22])[H:23]>>[F-:1].[F:2][C:5]([C:4]([H:3])([N+:31]([O-:32])[O:33])[H:41])([N:11]([H:12])[H:13])[N:21]([H:22])[H:23],43.171592880815496
[Cl:1][C@:5]([C@:4]([H:3])([C:31]#[N:32])[C:41]([H:42])([H:43])[H:44])([H:11])[N:21]([H:22])[H:23].[H-:2]>>[Cl-:1].[H:2][C:5]([C@:4]([H:3])([C:31]#[N:32])[C:41]([H:42])([H:43])[H:44])([H:11])[N:21]([H:22])[H:23],13.200680559011865
[Cl-:2].[F:1][C@:5]([C@:4]([H:3])([C:31]([H:32])([H:33])[H:34])[C:41]#[N:42])([C:11]([H:12])([H:13])[H:14])[N+:21]([O-:22])[O:23]>>[Cl:2][C@@:5]([C@:4]([H:3])([C:31]([H:32])([H:33])[H:34])[C:41]#[N:42])([C:11]([H:12])([H:13])[H:14])[N+:21]([O-:22])[O:23].[F-:1],41.766710651586216
[Cl-:2].[F:1][C@:5]([C:4]([H:3])([H:31])[H:41])([C:11]#[N:12])[N:21]([H:22])[H:23]>>[Cl:2][C@@:5]([C:4]([H:3])([H:31])[H:41])([C:11]#[N:12])[N:21]([H:22])[H:23].[F-:1],47.036538656754864
[Cl:1][C@:5]([C:4]([H:3])([N:31]([H:32])[H:33])[N:41]([H:42])[H:43])([C:11]([H:12])([H:13])[H:14])[H:21].[F-:2]>>[Cl-:1].[F:2][C@@:5]([C:4]([H:3])([N:31]([H:32])[H:33])[N:41]([H:42])[H:43])([C:11]([H:12])([H:13])[H:14])[H:21],30.01803843309784
[Br-:2].[Br:1][C@:5]([C:4]([H:3])([N:31]([H:32])[H:33])[H:41])([N+:11]([O-:12])[O:13])[C:21]([H:22])([H:23])[H:24]>>[Br-:1].[Br:2][C@@:5]([C:4]([H:3])([N:31]([H:32])[H:33])[H:41])([N+:11]([O-:12])[O:13])[C:21]([H:22])([H:23])[H:24],30.792803939201026
[Cl-:2].[F:1][C@:5]([C@:4]([H:3])([C:31]#[N:32])[N:41]([H:42])[H:43])([C:11]#[N:12])[H:21]>>[Cl:2][C@@:5]([C@:4]([H:3])([C:31]#[N:32])[N:41]([H:42])[H:43])([C:11]#[N:12])[H:21].[F-:1],35.05300485703311
[Br:1][C@:5]([C:4]([H:3])([N:31]([H:32])[H:33])[H:41])([H:11])[C:21]#[N:22].[H-:2]>>[Br-:1].[H:2][C:5]([C:4]([H:3])([N:31]([H:32])[H:33])[H:41])([H:11])[C:21]#[N:22],3.489063191833944
[Cl:1][C:5]([C:4]([H:3])([H:31])[N:41]([H:42])[H:43])([C:11]([H:12])([H:13])[H:14])[C:21]([H:22])([H:23])[H:24].[H-:2]>>[Cl-:1].[H:2][C:5]([C:4]([H:3])([H:31])[N:41]([H:42])[H:43])([C:11]([H:12])([H:13])[H:14])[C:21]([H:22])([H:23])[H:24],25.327586847560035
[Br:1][C@:5]([C@:4]([H:3])([N:31]([H:32])[H:33])[N+:41]([O-:42])[O:43])([H:11])[C:21]([H:22])([H:23])[H:24].[F-:2]>>[Br-:1].[F:2][C@@:5]([C@:4]([H:3])([N:31]([H:32])[H:33])[N+:41]([O-:42])[O:43])([H:11])[C:21]([H:22])([H:23])[H:24],15.653929154243713
[Cl-:2].[Cl:1][C@:5]([C:4]([H:3])([H:31])[N+:41]([O-:42])[O:43])([C:11]#[N:12])[N:21]([H:22])[H:23]>>[Cl-:1].[Cl:2][C@@:5]([C:4]([H:3])([H:31])[N+:41]([O-:42])[O:43])([C:11]#[N:12])[N:21]([H:22])[H:23],33.52848624747964
[Cl-:2].[F:1][C:5]([C:4]([H:3])([H:31])[H:41])([C:11]#[N:12])[C:21]([H:22])([H:23])[H:24]>>[Cl:2][C:5]([C:4]([H:3])([H:31])[H:41])([C:11]#[N:12])[C:21]([H:22])([H:23])[H:24].[F-:1],37.25007056030593
[Cl-:2].[F:1][C@:5]([C@:4]([H:3])([C:31]#[N:32])[N+:41]([O-:42])[O:43])([C:11]([H:12])([H:13])[H:14])[H:21]>>[Cl:2][C@@:5]([C@:4]([H:3])([C:31]#[N:32])[N+:41]([O-:42])[O:43])([C:11]([H:12])([H:13])[H:14])[H:21].[F-:1],42.06473839737704
[Br:1][C@:5]([C:4]([H:3])([C:31]([H:32])([H:33])[H:34])[H:41])([C:11]#[N:12])[H:21].[Cl-:2]>>[Br-:1].[Cl:2][C@@:5]([C:4]([H:3])([C:31]([H:32])([H:33])[H:34])[H:41])([C:11]#[N:12])[H:21],17.530122809852994
[Br:1][C@:5]([C:4]([H:3])([C:31]([H:32])([H:33])[H:34])[C:41]([H:42])([H:43])[H:44])([N:11]([H:12])[H:13])[N+:21]([O-:22])[O:23].[F-:2]>>[Br-:1].[F:2][C@@:5]([C:4]([H:3])([C:31]([H:32])([H:33])[H:34])[C:41]([H:42])([H:43])[H:44])([N:11]([H:12])[H:13])[N+:21]([O-:22])[O:23],20.545552769599823
[F-:2].[F:1][C@:5]([C@:4]([H:3])([N+:31]([O-:32])[O:33])[N:41]([H:42])[H:43])([N:11]([H:12])[H:13])[N+:21]([O-:22])[O:23]>>[F-:1].[F:2][C@@:5]([C@:4]([H:3])([N+:31]([O-:32])[O:33])[N:41]([H:42])[H:43])([N:11]([H:12])[H:13])[N+:21]([O-:22])[O:23],38.38110539708715
[Cl:1][C@:5]([C:4]([H:3])([N:31]([H:32])[H:33])[H:41])([H:11])[N+:21]([O-:22])[O:23].[H-:2]>>[Cl-:1].[H:2][C:5]([C:4]([H:3])([N:31]([H:32])[H:33])[H:41])([H:11])[N+:21]([O-:22])[O:23],5.515498657880436
[Cl:1][C@:5]([C@:4]([H:3])([N:31]([H:32])[H:33])[C:41]#[N:42])([N+:11]([O-:12])[O:13])[H:21].[F-:2]>>[Cl-:1].[F:2][C@@:5]([C@:4]([H:3])([N:31]([H:32])[H:33])[C:41]#[N:42])([N+:11]([O-:12])[O:13])[H:21],20.2122676211954
[Cl:1][C@:5]([C@:4]([H:3])([C:31]([H:32])([H:33])[H:34])[N+:41]([O-:42])[O:43])([N+:11]([O-:12])[O:13])[N:21]([H:22])[H:23].[F-:2]>>[Cl-:1].[F:2][C@@:5]([C@:4]([H:3])([C:31]([H:32])([H:33])[H:34])[N+:41]([O-:42])[O:43])([N+:11]([O-:12])[O:13])[N:21]([H:22])[H:23],23.032521521877538
[Br:1][C@:5]([C@:4]([H:3])([N:31]([H:32])[H:33])[C:41]#[N:42])([N:11]([H:12])[H:13])[H:21].[H-:2]>>[Br-:1].[H:2][C:5]([C@:4]([H:3])([N:31]([H:32])[H:33])[C:41]#[N:42])([N:11]([H:12])[H:13])[H:21],17.01290115166482
[F-:2].[F:1][C@:5]([C@:4]([H:3])([C:31]([H:32])([H:33])[H:34])[N+:41]([O-:42])[O:43])([N:11]([H:12])[H:13])[N+:21]([O-:22])[O:23]>>[F-:1].[F:2][C@@:5]([C@:4]([H:3])([C:31]([H:32])([H:33])[H:34])[N+:41]([O-:42])[O:43])([N:11]([H:12])[H:13])[N+:21]([O-:22])[O:23],27.36484529581793
[Cl:1][C:5]([C@:4]([H:3])([N:31]([H:32])[H:33])[C:41]#[N:42])([H:11])[H:21].[F-:2]>>[Cl-:1].[F:2][C:5]([C@:4]([H:3])([N:31]([H:32])[H:33])[C:41]#[N:42])([H:11])[H:21],19.695108825654494
[F:1][C@:5]([C@:4]([H:3])([C:31]#[N:32])[C:41]([H:42])([H:43])[H:44])([N:11]([H:12])[H:13])[C:21]#[N:22].[H-:2]>>[F-:1].[H:2][C@@:5]([C@:4]([H:3])([C:31]#[N:32])[C:41]([H:42])([H:43])[H:44])([N:11]([H:12])[H:13])[C:21]#[N:22],22.149632862503985
[Br:1][C@:5]([C@:4]([H:3])([N:31]([H:32])[H:33])[C:41]([H:42])([H:43])[H:44])([N+:11]([O-:12])[O:13])[H:21].[F-:2]>>[Br-:1].[F:2][C@@:5]([C@:4]([H:3])([N:31]([H:32])[H:33])[C:41]([H:42])([H:43])[H:44])([N+:11]([O-:12])[O:13])[H:21],18.160502962906364
[Cl:1][C@:5]([C@:4]([H:3])([C:31]([H:32])([H:33])[H:34])[C:41]#[N:42])([N:11]([H:12])[H:13])[C:21]#[N:22].[H-:2]>>[Cl-:1].[H:2][C@@:5]([C@:4]([H:3])([C:31]([H:32])([H:33])[H:34])[C:41]#[N:42])([N:11]([H:12])[H:13])[C:21]#[N:22],9.014753301576974
[F:1][C@:5]([C:4]([H:3])([N+:31]([O-:32])[O:33])[N+:41]([O-:42])[O:43])([N:11]([H:12])[H:13])[H:21].[H-:2]>>[F-:1].[H:2][C:5]([C:4]([H:3])([N+:31]([O-:32])[O:33])[N+:41]([O-:42])[O:43])([N:11]([H:12])[H:13])[H:21],24.36469593638176
[Cl-:2].[Cl:1][C:5]([C@:4]([H:3])([C:31]([H:32])([H:33])[H:34])[N:41]([H:42])[H:43])([C:11]#[N:12])[C:21]#[N:22]>>[Cl-:1].[Cl:2][C:5]([C@:4]([H:3])([C:31]([H:32])([H:33])[H:34])[N:41]([H:42])[H:43])([C:11]#[N:12])[C:21]#[N:22],21.529672328638053
[Br:1][C@:5]([C:4]([H:3])([H:31])[N:41]([H:42])[H:43])([C:11]([H:12])([H:13])[H:14])[H:21].[H-:2]>>[Br-:1].[H:2][C:5]([C:4]([H:3])([H:31])[N:41]([H:42])[H:43])([C:11]([H:12])([H:13])[H:14])[H:21],11.483629198989028
[Cl:1][C@:5]([C:4]([H:3])([C:31]#[N:32])[C:41]#[N:42])([H:11])[C:21]#[N:22].[F-:2]>>[Cl-:1].[F:2][C@@:5]([C:4]([H:3])([C:31]#[N:32])[C:41]#[N:42])([H:11])[C:21]#[N:22],5.251017859837567
[Br-:2].[Cl:1][C@:5]([C:4]([H:3])([H:31])[C:41]#[N:42])([C:11]#[N:12])[H:21]>>[Br:2][C@@:5]([C:4]([H:3])([H:31])[C:41]#[N:42])([C:11]#[N:12])[H:21].[Cl-:1],26.427851182223648
[F-:2].[F:1][C:5]([C:4]([H:3])([N:31]([H:32])[H:33])[H:41])([C:11]#[N:12])[C:21]#[N:22]>>[F-:1].[F:2][C:5]([C:4]([H:3])([N:31]([H:32])[H:33])[H:41])([C:11]#[N:12])[C:21]#[N:22],12.375212496277234
[F:1][C@:5]([C:4]([H:3])([H:31])[N:41]([H:42])[H:43])([N+:11]([O-:12])[O:13])[H:21].[H-:2]>>[F-:1].[H:2][C:5]([C:4]([H:3])([H:31])[N:41]([H:42])[H:43])([N+:11]([O-:12])[O:13])[H:21],11.799372921597154
[Br:1][C:5]([C:4]([H:3])([H:31])[C:41]([H:42])([H:43])[H:44])([C:11]#[N:12])[C:21]#[N:22].[Cl-:2]>>[Br-:1].[Cl:2][C:5]([C:4]([H:3])([H:31])[C:41]([H:42])([H:43])[H:44])([C:11]#[N:12])[C:21]#[N:22],14.83605669622074
[Br:1][C@:5]([C@:4]([H:3])([N+:31]([O-:32])[O:33])[C:41]([H:42])([H:43])[H:44])([N:11]([H:12])[H:13])[H:21].[F-:2]>>[Br-:1].[F:2][C@@:5]([C@:4]([H:3])([N+:31]([O-:32])[O:33])[C:41]([H:42])([H:43])[H:44])([N:11]([H:12])[H:13])[H:21],16.321930027726115
[Cl-:2].[Cl:1][C@:5]([C@:4]([H:3])([C:31]#[N:32])[C:41]([H:42])([H:43])[H:44])([N+:11]([O-:12])[O:13])[H:21]>>[Cl-:1].[Cl:2][C@@:5]([C@:4]([H:3])([C:31]#[N:32])[C:41]([H:42])([H:43])[H:44])([N+:11]([O-:12])[O:13])[H:21],13.111511254543109
[Br:1][C@:5]([C@:4]([H:3])([C:31]([H:32])([H:33])[H:34])[C:41]#[N:42])([N+:11]([O-:12])[O:13])[H:21].[F-:2]>>[Br-:1].[F:2][C@@:5]([C@:4]([H:3])([C:31]([H:32])([H:33])[H:34])[C:41]#[N:42])([N+:11]([O-:12])[O:13])[H:21],12.09224373705742
[F:1][C@:5]([C:4]([H:3])([N:31]([H:32])[H:33])[H:41])([C:11]([H:12])([H:13])[H:14])[N+:21]([O-:22])[O:23].[H-:2]>>[F-:1].[H:2][C@@:5]([C:4]([H:3])([N:31]([H:32])[H:33])[H:41])([C:11]([H:12])([H:13])[H:14])[N+:21]([O-:22])[O:23],11.231619822736596
[Br:1][C:5]([C@:4]([H:3])([N+:31]([O-:32])[O:33])[C:41]#[N:42])([H:11])[H:21].[Cl-:2]>>[Br-:1].[Cl:2][C:5]([C@:4]([H:3])([N+:31]([O-:32])[O:33])[C:41]#[N:42])([H:11])[H:21],24.047633189939265
[Br-:2].[Br:1][C@:5]([C@:4]([H:3])([C:31]([H:32])([H:33])[H:34])[C:41]#[N:42])([H:11])[C:21]([H:22])([H:23])[H:24]>>[Br-:1].[Br:2][C@@:5]([C@:4]([H:3])([C:31]([H:32])([H:33])[H:34])[C:41]#[N:42])([H:11])[C:21]([H:22])([H:23])[H:24],30.62494725704309
[Br:1][C@:5]([C:4]([H:3])([H:31])[H:41])([C:11]#[N:12])[H:21].[F-:2]>>[Br-:1].[F:2][C@@:5]([C:4]([H:3])([H:31])[H:41])([C:11]#[N:12])[H:21],5.841654986504508
[Br-:2].[F:1][C@:5]([C:4]([H:3])([C:31]([H:32])([H:33])[H:34])[H:41])([N:11]([H:12])[H:13])[C:21]#[N:22]>>[Br:2][C@@:5]([C:4]([H:3])([C:31]([H:32])([H:33])[H:34])[H:41])([N:11]([H:12])[H:13])[C:21]#[N:22].[F-:1],52.554718011113614
[Br-:2].[F:1][C:5]([C:4]([H:3])([C:31]([H:32])([H:33])[H:34])[C:41]([H:42])([H:43])[H:44])([C:11]([H:12])([H:13])[H:14])[C:21]([H:22])([H:23])[H:24]>>[Br:2][C:5]([C:4]([H:3])([C:31]([H:32])([H:33])[H:34])[C:41]([H:42])([H:43])[H:44])([C:11]([H:12])([H:13])[H:14])[C:21]([H:22])([H:23])[H:24].[F-:1],56.02696517885049
[Br-:2].[Cl:1][C@:5]([C:4]([H:3])([H:31])[N:41]([H:42])[H:43])([C:11]#[N:12])[H:21]>>[Br:2][C@@:5]([C:4]([H:3])([H:31])[N:41]([H:42])[H:43])([C:11]#[N:12])[H:21].[Cl-:1],30.049959794363808
[Cl-:2].[Cl:1][C@:5]([C@:4]([H:3])([C:31]#[N:32])[N:41]([H:42])[H:43])([N+:11]([O-:12])[O:13])[H:21]>>[Cl-:1].[Cl:2][C@@:5]([C@:4]([H:3])([C:31]#[N:32])[N:41]([H:42])[H:43])([N+:11]([O-:12])[O:13])[H:21],28.327160582246915
[Cl:1][C@:5]([C:4]([H:3])([C:31]#[N:32])[C:41]#[N:42])([N:11]([H:12])[H:13])[C:21]#[N:22].[F-:2]>>[Cl-:1].[F:2][C@@:5]([C:4]([H:3])([C:31]#[N:32])[C:41]#[N:42])([N:11]([H:12])[H:13])[C:21]#[N:22],24.55559812952052
[Cl:1][C@:5]([C@:4]([H:3])([C:31]([H:32])([H:33])[H:34])[N:41]([H:42])[H:43])([N:11]([H:12])[H:13])[C:21]#[N:22].[F-:2]>>[Cl-:1].[F:2][C@@:5]([C@:4]([H:3])([C:31]([H:32])([H:33])[H:34])[N:41]([H:42])[H:43])([N:11]([H:12])[H:13])[C:21]#[N:22],33.687598713351264
[F:1][C@:5]([C:4]([H:3])([N:31]([H:32])[H:33])[H:41])([N+:11]([O-:12])[O:13])[C:21]#[N:22].[H-:2]>>[F-:1].[H:2][C@@:5]([C:4]([H:3])([N:31]([H:32])[H:33])[H:41])([N+:11]([O-:12])[O:13])[C:21]#[N:22],5.4508906906093655
[Br:1][C@:5]([C:4]([H:3])([C:31]#[N:32])[H:41])([H:11])[N:21]([H:22])[H:23].[H-:2]>>[Br-:1].[H:2][C:5]([C:4]([H:3])([C:31]#[N:32])[H:41])([H:11])[N:21]([H:22])[H:23],6.4738729319034025
[Br-:2].[F:1][C@:5]([C:4]([H:3])([H:31])[C:41]([H:42])([H:43])[H:44])([N:11]([H:12])[H:13])[C:21]#[N:22]>>[Br:2][C@@:5]([C:4]([H:3])([H:31])[C:41]([H:42])([H:43])[H:44])([N:11]([H:12])[H:13])[C:21]#[N:22].[F-:1],52.589193488980605
[F:1][C@:5]([C:4]([H:3])([H:31])[N+:41]([O-:42])[O:43])([C:11]#[N:12])[N:21]([H:22])[H:23].[H-:2]>>[F-:1].[H:2][C@@:5]([C:4]([H:3])([H:31])[N+:41]([O-:42])[O:43])([C:11]#[N:12])[N:21]([H:22])[H:23],18.952588248614763
[F-:2].[F:1][C:5]([C@:4]([H:3])([N+:31]([O-:32])[O:33])[N:41]([H:42])[H:43])([C:11]([H:12])([H:13])[H:14])[C:21]([H:22])([H:23])[H:24]>>[F-:1].[F:2][C:5]([C@:4]([H:3])([N+:31]([O-:32])[O:33])[N:41]([H:42])[H:43])([C:11]([H:12])([H:13])[H:14])[C:21]([H:22])([H:23])[H:24],38.21445873636307
[Br:1][C@:5]([C@:4]([H:3])([C:31]#[N:32])[N:41]([H:42])[H:43])([H:11])[N+:21]([O-:22])[O:23].[Cl-:2]>>[Br-:1].[Cl:2][C@@:5]([C@:4]([H:3])([C:31]#[N:32])[N:41]([H:42])[H:43])([H:11])[N+:21]([O-:22])[O:23],22.24754262726272
[F-:2].[F:1][C@:5]([C@:4]([H:3])([N:31]([H:32])[H:33])[C:41]#[N:42])([N:11]([H:12])[H:13])[H:21]>>[F-:1].[F:2][C@@:5]([C@:4]([H:3])([N:31]([H:32])[H:33])[C:41]#[N:42])([N:11]([H:12])[H:13])[H:21],36.977863407545854
[Br-:2].[F:1][C@:5]([C:4]([H:3])([C:31]#[N:32])[H:41])([C:11]([H:12])([H:13])[H:14])[N:21]([H:22])[H:23]>>[Br:2][C@@:5]([C:4]([H:3])([C:31]#[N:32])[H:41])([C:11]([H:12])([H:13])[H:14])[N:21]([H:22])[H:23].[F-:1],46.975734155736845
[Cl-:2].[Cl:1][C:5]([C:4]([H:3])([C:31]#[N:32])[C:41]#[N:42])([C:11]([H:12])([H:13])[H:14])[C:21]([H:22])([H:23])[H:24]>>[Cl-:1].[Cl:2][C:5]([C:4]([H:3])([C:31]#[N:32])[C:41]#[N:42])([C:11]([H:12])([H:13])[H:14])[C:21]([H:22])([H:23])[H:24],39.11387353381947
[F:1][C@:5]([C:4]([H:3])([N+:31]([O-:32])[O:33])[H:41])([N:11]([H:12])[H:13])[C:21]#[N:22].[H-:2]>>[F-:1].[H:2][C@@:5]([C:4]([H:3])([N+:31]([O-:32])[O:33])[H:41])([N:11]([H:12])[H:13])[C:21]#[N:22],18.981175954587464
[F-:2].[F:1][C@:5]([C@:4]([H:3])([N+:31]([O-:32])[O:33])[C:41]([H:42])([H:43])[H:44])([H:11])[C:21]#[N:22]>>[F-:1].[F:2][C@@:5]([C@:4]([H:3])([N+:31]([O-:32])[O:33])[C:41]([H:42])([H:43])[H:44])([H:11])[C:21]#[N:22],16.738277044464702
[Br:1][C@:5]([C:4]([H:3])([C:31]([H:32])([H:33])[H:34])[H:41])([H:11])[C:21]([H:22])([H:23])[H:24].[H-:2]>>[Br-:1].[H:2][C:5]([C:4]([H:3])([C:31]([H:32])([H:33])[H:34])[H:41])([H:11])[C:21]([H:22])([H:23])[H:24],5.542029019609141
[Br:1][C@:5]([C:4]([H:3])([C:31]([H:32])([H:33])[H:34])[C:41]([H:42])([H:43])[H:44])([H:11])[C:21]([H:22])([H:23])[H:24].[F-:2]>>[Br-:1].[F:2][C@@:5]([C:4]([H:3])([C:31]([H:32])([H:33])[H:34])[C:41]([H:42])([H:43])[H:44])([H:11])[C:21]([H:22])([H:23])[H:24],11.000669498736196
[Br-:2].[Br:1][C:5]([C:4]([H:3])([H:31])[H:41])([C:11]([H:12])([H:13])[H:14])[H:21]>>[Br-:1].[Br:2][C:5]([C:4]([H:3])([H:31])[H:41])([C:11]([H:12])([H:13])[H:14])[H:21],24.20664222186525
[Cl:1][C@:5]([C@:4]([H:3])([N:31]([H:32])[H:33])[C:41]#[N:42])([N:11]([H:12])[H:13])[C:21]([H:22])([H:23])[H:24].[H-:2]>>[Cl-:1].[H:2][C@@:5]([C@:4]([H:3])([N:31]([H:32])[H:33])[C:41]#[N:42])([N:11]([H:12])[H:13])[C:21]([H:22])([H:23])[H:24],16.996378218004462
[F-:2].[F:1][C@:5]([C:4]([H:3])([H:31])[H:41])([H:11])[C:21]#[N:22]>>[F-:1].[F:2][C@@:5]([C:4]([H:3])([H:31])[H:41])([H:11])[C:21]#[N:22],12.566890465702643
[Br:1][C@:5]([C@:4]([H:3])([C:31]([H:32])([H:33])[H:34])[N:41]([H:42])[H:43])([H:11])[C:21]([H:22])([H:23])[H:24].[H-:2]>>[Br-:1].[H:2][C:5]([C@:4]([H:3])([C:31]([H:32])([H:33])[H:34])[N:41]([H:42])[H:43])([H:11])[C:21]([H:22])([H:23])[H:24],16.095233827468327
[Cl-:2].[Cl:1][C@:5]([C:4]([H:3])([C:31]([H:32])([H:33])[H:34])[H:41])([C:11]#[N:12])[C:21]([H:22])([H:23])[H:24]>>[Cl-:1].[Cl:2][C@@:5]([C:4]([H:3])([C:31]([H:32])([H:33])[H:34])[H:41])([C:11]#[N:12])[C:21]([H:22])([H:23])[H:24],24.91972766277445
[F:1][C@:5]([C@:4]([H:3])([N+:31]([O-:32])[O:33])[C:41]([H:42])([H:43])[H:44])([N:11]([H:12])[H:13])[C:21]([H:22])([H:23])[H:24].[H-:2]>>[F-:1].[H:2][C@@:5]([C@:4]([H:3])([N+:31]([O-:32])[O:33])[C:41]([H:42])([H:43])[H:44])([N:11]([H:12])[H:13])[C:21]([H:22])([H:23])[H:24],30.372037524135752
[F-:2].[F:1][C@:5]([C:4]([H:3])([C:31]([H:32])([H:33])[H:34])[H:41])([N:11]([H:12])[H:13])[N+:21]([O-:22])[O:23]>>[F-:1].[F:2][C@@:5]([C:4]([H:3])([C:31]([H:32])([H:33])[H:34])[H:41])([N:11]([H:12])[H:13])[N+:21]([O-:22])[O:23],32.64486367760108
[Cl:1][C@:5]([C:4]([H:3])([C:31]#[N:32])[H:41])([N:11]([H:12])[H:13])[C:21]([H:22])([H:23])[H:24].[H-:2]>>[Cl-:1].[H:2][C@@:5]([C:4]([H:3])([C:31]#[N:32])[H:41])([N:11]([H:12])[H:13])[C:21]([H:22])([H:23])[H:24],21.008727403520684
[F-:2].[F:1][C@:5]([C:4]([H:3])([H:31])[N+:41]([O-:42])[O:43])([H:11])[C:21]#[N:22]>>[F-:1].[F:2][C@@:5]([C:4]([H:3])([H:31])[N+:41]([O-:42])[O:43])([H:11])[C:21]#[N:22],17.567597753356747
[Br:1][C@:5]([C:4]([H:3])([N+:31]([O-:32])[O:33])[H:41])([C:11]#[N:12])[H:21].[Cl-:2]>>[Br-:1].[Cl:2][C@@:5]([C:4]([H:3])([N+:31]([O-:32])[O:33])[H:41])([C:11]#[N:12])[H:21],17.547695258246037
[Cl:1][C:5]([C:4]([H:3])([N:31]([H:32])[H:33])[H:41])([C:11]([H:12])([H:13])[H:14])[C:21]([H:22])([H:23])[H:24].[H-:2]>>[Cl-:1].[H:2][C:5]([C:4]([H:3])([N:31]([H:32])[H:33])[H:41])([C:11]([H:12])([H:13])[H:14])[C:21]([H:22])([H:23])[H:24],15.441814321484785
[F-:2].[F:1][C:5]([C:4]([H:3])([H:31])[C:41]([H:42])([H:43])[H:44])([N:11]([H:12])[H:13])[N:21]([H:22])[H:23]>>[F-:1].[F:2][C:5]([C:4]([H:3])([H:31])[C:41]([H:42])([H:43])[H:44])([N:11]([H:12])[H:13])[N:21]([H:22])[H:23],43.330554040938495
[Br-:2].[Br:1][C@:5]([C:4]([H:3])([N+:31]([O-:32])[O:33])[H:41])([C:11]([H:12])([H:13])[H:14])[H:21]>>[Br-:1].[Br:2][C@@:5]([C:4]([H:3])([N+:31]([O-:32])[O:33])[H:41])([C:11]([H:12])([H:13])[H:14])[H:21],27.54175914686592
[Br:1][C@:5]([C@:4]([H:3])([C:31]#[N:32])[N+:41]([O-:42])[O:43])([N:11]([H:12])[H:13])[H:21].[F-:2]>>[Br-:1].[F:2][C@@:5]([C@:4]([H:3])([C:31]#[N:32])[N+:41]([O-:42])[O:43])([N:11]([H:12])[H:13])[H:21],21.12410473084478
[F-:2].[F:1][C@:5]([C:4]([H:3])([H:31])[C:41]([H:42])([H:43])[H:44])([N+:11]([O-:12])[O:13])[C:21]#[N:22]>>[F-:1].[F:2][C@@:5]([C:4]([H:3])([H:31])[C:41]([H:42])([H:43])[H:44])([N+:11]([O-:12])[O:13])[C:21]#[N:22],15.406808171121137
[Cl:1][C@:5]([C@:4]([H:3])([C:31]([H:32])([H:33])[H:34])[N:41]([H:42])[H:43])([N+:11]([O-:12])[O:13])[H:21].[F-:2]>>[Cl-:1].[F:2][C@@:5]([C@:4]([H:3])([C:31]([H:32])([H:33])[H:34])[N:41]([H:42])[H:43])([N+:11]([O-:12])[O:13])[H:21],22.4301921307446
[Br:1][C:5]([C@:4]([H:3])([N:31]([H:32])[H:33])[C:41]#[N:42])([N:11]([H:12])[H:13])[N:21]([H:22])[H:23].[H-:2]>>[Br-:1].[H:2][C:5]([C@:4]([H:3])([N:31]([H:32])[H:33])[C:41]#[N:42])([N:11]([H:12])[H:13])[N:21]([H:22])[H:23],25.17226592589029
[Cl-:2].[Cl:1][C@:5]([C@:4]([H:3])([C:31]#[N:32])[N:41]([H:42])[H:43])([H:11])[C:21]#[N:22]>>[Cl-:1].[Cl:2][C@@:5]([C@:4]([H:3])([C:31]#[N:32])[N:41]([H:42])[H:43])([H:11])[C:21]#[N:22],25.47890613821547
[F-:2].[F:1][C@:5]([C:4]([H:3])([C:31]#[N:32])[H:41])([N:11]([H:12])[H:13])[N+:21]([O-:22])[O:23]>>[F-:1].[F:2][C@@:5]([C:4]([H:3])([C:31]#[N:32])[H:41])([N:11]([H:12])[H:13])[N+:21]([O-:22])[O:23],24.77892911413713
[Cl-:2].[F:1][C@:5]([C:4]([H:3])([H:31])[C:41]#[N:42])([N+:11]([O-:12])[O:13])[N:21]([H:22])[H:23]>>[Cl:2][C@@:5]([C:4]([H:3])([H:31])[C:41]#[N:42])([N+:11]([O-:12])[O:13])[N:21]([H:22])[H:23].[F-:1],52.21948651369881
[Br:1][C@:5]([C@:4]([H:3])([C:31]([H:32])([H:33])[H:34])[N:41]([H:42])[H:43])([H:11])[N+:21]([O-:22])[O:23].[Cl-:2]>>[Br-:1].[Cl:2][C@@:5]([C@:4]([H:3])([C:31]([H:32])([H:33])[H:34])[N:41]([H:42])[H:43])([H:11])[N+:21]([O-:22])[O:23],27.33078913074248
[F-:2].[F:1][C@:5]([C@:4]([H:3])([C:31]#[N:32])[N:41]([H:42])[H:43])([C:11]#[N:12])[C:21]([H:22])([H:23])[H:24]>>[F-:1].[F:2][C@@:5]([C@:4]([H:3])([C:31]#[N:32])[N:41]([H:42])[H:43])([C:11]#[N:12])[C:21]([H:22])([H:23])[H:24],28.482850548361284
[Cl-:2].[F:1][C@:5]([C:4]([H:3])([C:31]([H:32])([H:33])[H:34])[H:41])([N+:11]([O-:12])[O:13])[N:21]([H:22])[H:23]>>[Cl:2][C@@:5]([C:4]([H:3])([C:31]([H:32])([H:33])[H:34])[H:41])([N+:11]([O-:12])[O:13])[N:21]([H:22])[H:23].[F-:1],51.044126040343805
[F:1][C@:5]([C:4]([H:3])([H:31])[C:41]#[N:42])([N:11]([H:12])[H:13])[H:21].[H-:2]>>[F-:1].[H:2][C:5]([C:4]([H:3])([H:31])[C:41]#[N:42])([N:11]([H:12])[H:13])[H:21],27.303499383825912
[F-:2].[F:1][C@:5]([C:4]([H:3])([H:31])[C:41]#[N:42])([H:11])[C:21]([H:22])([H:23])[H:24]>>[F-:1].[F:2][C@@:5]([C:4]([H:3])([H:31])[C:41]#[N:42])([H:11])[C:21]([H:22])([H:23])[H:24],27.58509412295326
[Cl:1][C:5]([C:4]([H:3])([H:31])[H:41])([C:11]([H:12])([H:13])[H:14])[N+:21]([O-:22])[O:23].[H-:2]>>[Cl-:1].[H:2][C:5]([C:4]([H:3])([H:31])[H:41])([C:11]([H:12])([H:13])[H:14])[N+:21]([O-:22])[O:23],0.2775053631356288
[F:1][C:5]([C@:4]([H:3])([N+:31]([O-:32])[O:33])[C:41]([H:42])([H:43])[H:44])([N:11]([H:12])[H:13])[N:21]([H:22])[H:23].[H-:2]>>[F-:1].[H:2][C:5]([C@:4]([H:3])([N+:31]([O-:32])[O:33])[C:41]([H:42])([H:43])[H:44])([N:11]([H:12])[H:13])[N:21]([H:22])[H:23],35.3328995249149
[F-:2].[F:1][C@:5]([C@:4]([H:3])([C:31]#[N:32])[N:41]([H:42])[H:43])([N:11]([H:12])[H:13])[C:21]([H:22])([H:23])[H:24]>>[F-:1].[F:2][C@@:5]([C@:4]([H:3])([C:31]#[N:32])[N:41]([H:42])[H:43])([N:11]([H:12])[H:13])[C:21]([H:22])([H:23])[H:24],42.77730896314208
[Br:1][C@:5]([C@:4]([H:3])([C:31]([H:32])([H:33])[H:34])[N:41]([H:42])[H:43])([C:11]([H:12])([H:13])[H:14])[C:21]#[N:22].[Cl-:2]>>[Br-:1].[Cl:2][C@@:5]([C@:4]([H:3])([C:31]([H:32])([H:33])[H:34])[N:41]([H:42])[H:43])([C:11]([H:12])([H:13])[H:14])[C:21]#[N:22],32.11038958142208
[F-:2].[F:1][C@:5]([C:4]([H:3])([C:31]#[N:32])[C:41]#[N:42])([C:11]([H:12])([H:13])[H:14])[N:21]([H:22])[H:23]>>[F-:1].[F:2][C@@:5]([C:4]([H:3])([C:31]#[N:32])[C:41]#[N:42])([C:11]([H:12])([H:13])[H:14])[N:21]([H:22])[H:23],41.33690684321368
[Cl-:2].[F:1][C:5]([C:4]([H:3])([C:31]([H:32])([H:33])[H:34])[H:41])([C:11]#[N:12])[C:21]#[N:22]>>[Cl:2][C:5]([C:4]([H:3])([C:31]([H:32])([H:33])[H:34])[H:41])([C:11]#[N:12])[C:21]#[N:22].[F-:1],30.1482811336694
[Br-:2].[F:1][C:5]([C:4]([H:3])([C:31]([H:32])([H:33])[H:34])[C:41]([H:42])([H:43])[H:44])([H:11])[H:21]>>[Br:2][C:5]([C:4]([H:3])([C:31]([H:32])([H:33])[H:34])[C:41]([H:42])([H:43])[H:44])([H:11])[H:21].[F-:1],47.41608849908899
[F-:2].[F:1][C@:5]([C:4]([H:3])([C:31]#[N:32])[H:41])([N+:11]([O-:12])[O:13])[C:21]#[N:22]>>[F-:1].[F:2][C@@:5]([C:4]([H:3])([C:31]#[N:32])[H:41])([N+:11]([O-:12])[O:13])[C:21]#[N:22],13.15366949089164
[F:1][C@:5]([C@:4]([H:3])([N+:31]([O-:32])[O:33])[N:41]([H:42])[H:43])([N:11]([H:12])[H:13])[H:21].[H-:2]>>[F-:1].[H:2][C:5]([C@:4]([H:3])([N+:31]([O-:32])[O:33])[N:41]([H:42])[H:43])([N:11]([H:12])[H:13])[H:21],34.35098706292922
[Cl:1][C:5]([C@:4]([H:3])([C:31]#[N:32])[N+:41]([O-:42])[O:43])([H:11])[H:21].[F-:2]>>[Cl-:1].[F:2][C:5]([C@:4]([H:3])([C:31]#[N:32])[N+:41]([O-:42])[O:43])([H:11])[H:21],7.571602665137129
[Br-:2].[Cl:1][C@:5]([C:4]([H:3])([H:31])[C:41]([H:42])([H:43])[H:44])([C:11]([H:12])([H:13])[H:14])[C:21]#[N:22]>>[Br:2][C@@:5]([C:4]([H:3])([H:31])[C:41]([H:42])([H:43])[H:44])([C:11]([H:12])([H:13])[H:14])[C:21]#[N:22].[Cl-:1],32.96009998088212
[F-:2].[F:1][C@:5]([C:4]([H:3])([H:31])[N+:41]([O-:42])[O:43])([H:11])[C:21]([H:22])([H:23])[H:24]>>[F-:1].[F:2][C@@:5]([C:4]([H:3])([H:31])[N+:41]([O-:42])[O:43])([H:11])[C:21]([H:22])([H:23])[H:24],27.706361810738343
[F-:2].[F:1][C@:5]([C@:4]([H:3])([C:31]#[N:32])[N:41]([H:42])[H:43])([H:11])[C:21]([H:22])([H:23])[H:24]>>[F-:1].[F:2][C@@:5]([C@:4]([H:3])([C:31]#[N:32])[N:41]([H:42])[H:43])([H:11])[C:21]([H:22])([H:23])[H:24],29.52990572137399
[F-:2].[F:1][C@:5]([C:4]([H:3])([N+:31]([O-:32])[O:33])[H:41])([N:11]([H:12])[H:13])[C:21]([H:22])([H:23])[H:24]>>[F-:1].[F:2][C@@:5]([C:4]([H:3])([N+:31]([O-:32])[O:33])[H:41])([N:11]([H:12])[H:13])[C:21]([H:22])([H:23])[H:24],38.80777185261457
[F-:2].[F:1][C:5]([C:4]([H:3])([C:31]#[N:32])[C:41]#[N:42])([C:11]([H:12])([H:13])[H:14])[C:21]([H:22])([H:23])[H:24]>>[F-:1].[F:2][C:5]([C:4]([H:3])([C:31]#[N:32])[C:41]#[N:42])([C:11]([H:12])([H:13])[H:14])[C:21]([H:22])([H:23])[H:24],37.30981865033607
[Cl-:2].[Cl:1][C@:5]([C:4]([H:3])([N:31]([H:32])[H:33])[H:41])([H:11])[N+:21]([O-:22])[O:23]>>[Cl-:1].[Cl:2][C@@:5]([C:4]([H:3])([N:31]([H:32])[H:33])[H:41])([H:11])[N+:21]([O-:22])[O:23],32.78284634620001
[Cl-:2].[F:1][C@:5]([C:4]([H:3])([C:31]#[N:32])[H:41])([C:11]#[N:12])[N:21]([H:22])[H:23]>>[Cl:2][C@@:5]([C:4]([H:3])([C:31]#[N:32])[H:41])([C:11]#[N:12])[N:21]([H:22])[H:23].[F-:1],39.425131414973954
[Br-:2].[Br:1][C@:5]([C:4]([H:3])([C:31]([H:32])([H:33])[H:34])[H:41])([N+:11]([O-:12])[O:13])[H:21]>>[Br-:1].[Br:2][C@@:5]([C:4]([H:3])([C:31]([H:32])([H:33])[H:34])[H:41])([N+:11]([O-:12])[O:13])[H:21],22.431826494054032
[Cl-:2].[F:1][C:5]([C:4]([H:3])([H:31])[C:41]([H:42])([H:43])[H:44])([C:11]#[N:12])[C:21]#[N:22]>>[Cl:2][C:5]([C:4]([H:3])([H:31])[C:41]([H:42])([H:43])[H:44])([C:11]#[N:12])[C:21]#[N:22].[F-:1],28.391958398673488
[Cl-:2].[F:1][C@:5]([C@:4]([H:3])([N+:31]([O-:32])[O:33])[N:41]([H:42])[H:43])([C:11]#[N:12])[N:21]([H:22])[H:23]>>[Cl:2][C@@:5]([C@:4]([H:3])([N+:31]([O-:32])[O:33])[N:41]([H:42])[H:43])([C:11]#[N:12])[N:21]([H:22])[H:23].[F-:1],43.962201582133765
[Cl:1][C@:5]([C:4]([H:3])([C:31]#[N:32])[H:41])([N+:11]([O-:12])[O:13])[N:21]([H:22])[H:23].[F-:2]>>[Cl-:1].[F:2][C@@:5]([C:4]([H:3])([C:31]#[N:32])[H:41])([N+:11]([O-:12])[O:13])[N:21]([H:22])[H:23],15.040470995609882
[F-:2].[F:1][C:5]([C:4]([H:3])([C:31]([H:32])([H:33])[H:34])[C:41]([H:42])([H:43])[H:44])([N:11]([H:12])[H:13])[N:21]([H:22])[H:23]>>[F-:1].[F:2][C:5]([C:4]([H:3])([C:31]([H:32])([H:33])[H:34])[C:41]([H:42])([H:43])[H:44])([N:11]([H:12])[H:13])[N:21]([H:22])[H:23],42.213943930654246
[F:1][C@:5]([C@:4]([H:3])([N+:31]([O-:32])[O:33])[N:41]([H:42])[H:43])([N:11]([H:12])[H:13])[C:21]([H:22])([H:23])[H:24].[H-:2]>>[F-:1].[H:2][C@@:5]([C@:4]([H:3])([N+:31]([O-:32])[O:33])[N:41]([H:42])[H:43])([N:11]([H:12])[H:13])[C:21]([H:22])([H:23])[H:24],36.953397478635104
[Cl:1][C@:5]([C:4]([H:3])([H:31])[C:41]#[N:42])([N:11]([H:12])[H:13])[N+:21]([O-:22])[O:23].[H-:2]>>[Cl-:1].[H:2][C@@:5]([C:4]([H:3])([H:31])[C:41]#[N:42])([N:11]([H:12])[H:13])[N+:21]([O-:22])[O:23],11.258193395607258
[Br:1][C@:5]([C@:4]([H:3])([C:31]([H:32])([H:33])[H:34])[C:41]#[N:42])([H:11])[C:21]#[N:22].[Cl-:2]>>[Br-:1].[Cl:2][C@@:5]([C@:4]([H:3])([C:31]([H:32])([H:33])[H:34])[C:41]#[N:42])([H:11])[C:21]#[N:22],21.571982104072283
[Br:1][C@:5]([C:4]([H:3])([H:31])[C:41]#[N:42])([N:11]([H:12])[H:13])[N+:21]([O-:22])[O:23].[F-:2]>>[Br-:1].[F:2][C@@:5]([C:4]([H:3])([H:31])[C:41]#[N:42])([N:11]([H:12])[H:13])[N+:21]([O-:22])[O:23],20.40952905916385
[F:1][C@:5]([C@:4]([H:3])([N:31]([H:32])[H:33])[C:41]#[N:42])([H:11])[C:21]#[N:22].[H-:2]>>[F-:1].[H:2][C:5]([C@:4]([H:3])([N:31]([H:32])[H:33])[C:41]#[N:42])([H:11])[C:21]#[N:22],11.903231078229217
[F:1][C@:5]([C:4]([H:3])([C:31]#[N:32])[H:41])([C:11]#[N:12])[C:21]([H:22])([H:23])[H:24].[H-:2]>>[F-:1].[H:2][C@@:5]([C:4]([H:3])([C:31]#[N:32])[H:41])([C:11]#[N:12])[C:21]([H:22])([H:23])[H:24],9.292645476677944
[Cl-:2].[F:1][C@:5]([C@:4]([H:3])([C:31]#[N:32])[N:41]([H:42])[H:43])([C:11]([H:12])([H:13])[H:14])[H:21]>>[Cl:2][C@@:5]([C@:4]([H:3])([C:31]#[N:32])[N:41]([H:42])[H:43])([C:11]([H:12])([H:13])[H:14])[H:21].[F-:1],42.68307659580687
[F-:2].[F:1][C@:5]([C@:4]([H:3])([N:31]([H:32])[H:33])[N+:41]([O-:42])[O:43])([C:11]#[N:12])[H:21]>>[F-:1].[F:2][C@@:5]([C@:4]([H:3])([N:31]([H:32])[H:33])[N+:41]([O-:42])[O:43])([C:11]#[N:12])[H:21],32.762357814259936
[Br-:2].[F:1][C@:5]([C:4]([H:3])([C:31]([H:32])([H:33])[H:34])[H:41])([N+:11]([O-:12])[O:13])[N:21]([H:22])[H:23]>>[Br:2][C@@:5]([C:4]([H:3])([C:31]([H:32])([H:33])[H:34])[H:41])([N+:11]([O-:12])[O:13])[N:21]([H:22])[H:23].[F-:1],54.06691007217239
[Br:1][C@:5]([C:4]([H:3])([H:31])[N+:41]([O-:42])[O:43])([C:11]([H:12])([H:13])[H:14])[C:21]#[N:22].[Cl-:2]>>[Br-:1].[Cl:2][C@@:5]([C:4]([H:3])([H:31])[N+:41]([O-:42])[O:43])([C:11]([H:12])([H:13])[H:14])[C:21]#[N:22],26.81116714757939
[Cl:1][C:5]([C@:4]([H:3])([N:31]([H:32])[H:33])[N+:41]([O-:42])[O:43])([H:11])[H:21].[F-:2]>>[Cl-:1].[F:2][C:5]([C@:4]([H:3])([N:31]([H:32])[H:33])[N+:41]([O-:42])[O:43])([H:11])[H:21],24.114931935747894
[Cl-:2].[F:1][C@:5]([C:4]([H:3])([H:31])[C:41]#[N:42])([N:11]([H:12])[H:13])[H:21]>>[Cl:2][C@@:5]([C:4]([H:3])([H:31])[C:41]#[N:42])([N:11]([H:12])[H:13])[H:21].[F-:1],50.44084026037819
[Br-:2].[F:1][C:5]([C:4]([H:3])([C:31]#[N:32])[H:41])([H:11])[H:21]>>[Br:2][C:5]([C:4]([H:3])([C:31]#[N:32])[H:41])([H:11])[H:21].[F-:1],45.22002914388165
[Cl:1][C:5]([C@:4]([H:3])([N+:31]([O-:32])[O:33])[C:41]#[N:42])([C:11]#[N:12])[C:21]#[N:22].[F-:2]>>[Cl-:1].[F:2][C:5]([C@:4]([H:3])([N+:31]([O-:32])[O:33])[C:41]#[N:42])([C:11]#[N:12])[C:21]#[N:22],3.2076766304356394
[F:1][C@:5]([C@:4]([H:3])([C:31]([H:32])([H:33])[H:34])[N:41]([H:42])[H:43])([H:11])[N:21]([H:22])[H:23].[H-:2]>>[F-:1].[H:2][C:5]([C@:4]([H:3])([C:31]([H:32])([H:33])[H:34])[N:41]([H:42])[H:43])([H:11])[N:21]([H:22])[H:23],37.42039195332036
[Cl-:2].[F:1][C@:5]([C:4]([H:3])([N+:31]([O-:32])[O:33])[N+:41]([O-:42])[O:43])([C:11]([H:12])([H:13])[H:14])[H:21]>>[Cl:2][C@@:5]([C:4]([H:3])([N+:31]([O-:32])[O:33])[N+:41]([O-:42])[O:43])([C:11]([H:12])([H:13])[H:14])[H:21].[F-:1],48.5972106823891
[F:1][C@:5]([C@:4]([H:3])([C:31]#[N:32])[N+:41]([O-:42])[O:43])([C:11]([H:12])([H:13])[H:14])[N:21]([H:22])[H:23].[H-:2]>>[F-:1].[H:2][C@@:5]([C@:4]([H:3])([C:31]#[N:32])[N+:41]([O-:42])[O:43])([C:11]([H:12])([H:13])[H:14])[N:21]([H:22])[H:23],28.56229143311697
[F:1][C@:5]([C:4]([H:3])([C:31]#[N:32])[C:41]#[N:42])([H:11])[N+:21]([O-:22])[O:23].[H-:2]>>[F-:1].[H:2][C:5]([C:4]([H:3])([C:31]#[N:32])[C:41]#[N:42])([H:11])[N+:21]([O-:22])[O:23],0.8935278310255121
[F:1][C@:5]([C:4]([H:3])([N+:31]([O-:32])[O:33])[N+:41]([O-:42])[O:43])([H:11])[N:21]([H:22])[H:23].[H-:2]>>[F-:1].[H:2][C:5]([C:4]([H:3])([N+:31]([O-:32])[O:33])[N+:41]([O-:42])[O:43])([H:11])[N:21]([H:22])[H:23],22.222237602545643
[Cl:1][C@:5]([C:4]([H:3])([C:31]([H:32])([H:33])[H:34])[H:41])([C:11]#[N:12])[N:21]([H:22])[H:23].[F-:2]>>[Cl-:1].[F:2][C@@:5]([C:4]([H:3])([C:31]([H:32])([H:33])[H:34])[H:41])([C:11]#[N:12])[N:21]([H:22])[H:23],17.269556366666883
[Br:1][C@:5]([C@:4]([H:3])([N:31]([H:32])[H:33])[C:41]([H:42])([H:43])[H:44])([N+:11]([O-:12])[O:13])[H:21].[Cl-:2]>>[Br-:1].[Cl:2][C@@:5]([C@:4]([H:3])([N:31]([H:32])[H:33])[C:41]([H:42])([H:43])[H:44])([N+:11]([O-:12])[O:13])[H:21],27.533258841328145
[F:1][C@:5]([C@:4]([H:3])([C:31]#[N:32])[C:41]([H:42])([H:43])[H:44])([N:11]([H:12])[H:13])[H:21].[H-:2]>>[F-:1].[H:2][C:5]([C@:4]([H:3])([C:31]#[N:32])[C:41]([H:42])([H:43])[H:44])([N:11]([H:12])[H:13])[H:21],27.18702936032716
[F-:2].[F:1][C@:5]([C@:4]([H:3])([N+:31]([O-:32])[O:33])[C:41]#[N:42])([C:11]#[N:12])[H:21]>>[F-:1].[F:2][C@@:5]([C@:4]([H:3])([N+:31]([O-:32])[O:33])[C:41]#[N:42])([C:11]#[N:12])[H:21],6.544645946643324
[Br:1][C@:5]([C:4]([H:3])([N:31]([H:32])[H:33])[H:41])([C:11]#[N:12])[N:21]([H:22])[H:23].[F-:2]>>[Br-:1].[F:2][C@@:5]([C:4]([H:3])([N:31]([H:32])[H:33])[H:41])([C:11]#[N:12])[N:21]([H:22])[H:23],16.51866922445605
[Cl:1][C:5]([C:4]([H:3])([C:31]([H:32])([H:33])[H:34])[C:41]([H:42])([H:43])[H:44])([C:11]([H:12])([H:13])[H:14])[C:21]([H:22])([H:23])[H:24].[F-:2]>>[Cl-:1].[F:2][C:5]([C:4]([H:3])([C:31]([H:32])([H:33])[H:34])[C:41]([H:42])([H:43])[H:44])([C:11]([H:12])([H:13])[H:14])[C:21]([H:22])([H:23])[H:24],24.715465546288943
[Cl-:2].[Cl:1][C@:5]([C@:4]([H:3])([C:31]([H:32])([H:33])[H:34])[N:41]([H:42])[H:43])([C:11]([H:12])([H:13])[H:14])[C:21]#[N:22]>>[Cl-:1].[Cl:2][C@@:5]([C@:4]([H:3])([C:31]([H:32])([H:33])[H:34])[N:41]([H:42])[H:43])([C:11]([H:12])([H:13])[H:14])[C:21]#[N:22],33.3474770961777
[F-:2].[F:1][C@:5]([C:4]([H:3])([H:31])[N:41]([H:42])[H:43])([N+:11]([O-:12])[O:13])[H:21]>>[F-:1].[F:2][C@@:5]([C:4]([H:3])([H:31])[N:41]([H:42])[H:43])([N+:11]([O-:12])[O:13])[H:21],24.99832060394304
[F-:2].[F:1][C@:5]([C:4]([H:3])([C:31]([H:32])([H:33])[H:34])[H:41])([C:11]([H:12])([H:13])[H:14])[C:21]#[N:22]>>[F-:1].[F:2][C@@:5]([C:4]([H:3])([C:31]([H:32])([H:33])[H:34])[H:41])([C:11]([H:12])([H:13])[H:14])[C:21]#[N:22],21.785403041975737
[Br-:2].[Cl:1][C@:5]([C:4]([H:3])([N:31]([H:32])[H:33])[H:41])([H:11])[C:21]#[N:22]>>[Br:2][C@@:5]([C:4]([H:3])([N:31]([H:32])[H:33])[H:41])([H:11])[C:21]#[N:22].[Cl-:1],26.276717060657248
[Br-:2].[Cl:1][C@:5]([C:4]([H:3])([N:31]([H:32])[H:33])[H:41])([C:11]([H:12])([H:13])[H:14])[C:21]#[N:22]>>[Br:2][C@@:5]([C:4]([H:3])([N:31]([H:32])[H:33])[H:41])([C:11]([H:12])([H:13])[H:14])[C:21]#[N:22].[Cl-:1],37.14864596673909
[Br:1][C@:5]([C:4]([H:3])([H:31])[N:41]([H:42])[H:43])([H:11])[C:21]#[N:22].[F-:2]>>[Br-:1].[F:2][C@@:5]([C:4]([H:3])([H:31])[N:41]([H:42])[H:43])([H:11])[C:21]#[N:22],14.264855373388505
[F:1][C@:5]([C@:4]([H:3])([N:31]([H:32])[H:33])[N+:41]([O-:42])[O:43])([H:11])[C:21]#[N:22].[H-:2]>>[F-:1].[H:2][C:5]([C@:4]([H:3])([N:31]([H:32])[H:33])[N+:41]([O-:42])[O:43])([H:11])[C:21]#[N:22],8.33872810803409
[F-:2].[F:1][C:5]([C:4]([H:3])([C:31]([H:32])([H:33])[H:34])[H:41])([C:11]#[N:12])[C:21]#[N:22]>>[F-:1].[F:2][C:5]([C:4]([H:3])([C:31]([H:32])([H:33])[H:34])[H:41])([C:11]#[N:12])[C:21]#[N:22],13.071477344959543
[Cl-:2].[Cl:1][C:5]([C:4]([H:3])([C:31]([H:32])([H:33])[H:34])[C:41]([H:42])([H:43])[H:44])([H:11])[H:21]>>[Cl-:1].[Cl:2][C:5]([C:4]([H:3])([C:31]([H:32])([H:33])[H:34])[C:41]([H:42])([H:43])[H:44])([H:11])[H:21],25.35465516107916
[Cl:1][C@:5]([C@:4]([H:3])([C:31]([H:32])([H:33])[H:34])[N+:41]([O-:42])[O:43])([H:11])[C:21]([H:22])([H:23])[H:24].[H-:2]>>[Cl-:1].[H:2][C:5]([C@:4]([H:3])([C:31]([H:32])([H:33])[H:34])[N+:41]([O-:42])[O:43])([H:11])[C:21]([H:22])([H:23])[H:24],12.565500553542224
[Cl-:2].[F:1][C@:5]([C@:4]([H:3])([N:31]([H:32])[H:33])[C:41]([H:42])([H:43])[H:44])([N:11]([H:12])[H:13])[H:21]>>[Cl:2][C@@:5]([C@:4]([H:3])([N:31]([H:32])[H:33])[C:41]([H:42])([H:43])[H:44])([N:11]([H:12])[H:13])[H:21].[F-:1],54.98384301720075
[F-:2].[F:1][C:5]([C@:4]([H:3])([C:31]([H:32])([H:33])[H:34])[N:41]([H:42])[H:43])([H:11])[H:21]>>[F-:1].[F:2][C:5]([C@:4]([H:3])([C:31]([H:32])([H:33])[H:34])[N:41]([H:42])[H:43])([H:11])[H:21],34.2748602400837
[Br-:2].[Br:1][C:5]([C@:4]([H:3])([N+:31]([O-:32])[O:33])[C:41]#[N:42])([H:11])[H:21]>>[Br-:1].[Br:2][C:5]([C@:4]([H:3])([N+:31]([O-:32])[O:33])[C:41]#[N:42])([H:11])[H:21],27.56448395070743
[F-:2].[F:1][C@:5]([C:4]([H:3])([H:31])[C:41]([H:42])([H:43])[H:44])([H:11])[N+:21]([O-:22])[O:23]>>[F-:1].[F:2][C@@:5]([C:4]([H:3])([H:31])[C:41]([H:42])([H:43])[H:44])([H:11])[N+:21]([O-:22])[O:23],11.54684515870686
[F:1][C@:5]([C:4]([H:3])([N:31]([H:32])[H:33])[N:41]([H:42])[H:43])([N+:11]([O-:12])[O:13])[C:21]#[N:22].[H-:2]>>[F-:1].[H:2][C@@:5]([C:4]([H:3])([N:31]([H:32])[H:33])[N:41]([H:42])[H:43])([N+:11]([O-:12])[O:13])[C:21]#[N:22],11.119235216173086
[F-:2].[F:1][C@:5]([C:4]([H:3])([C:31]#[N:32])[C:41]#[N:42])([H:11])[N:21]([H:22])[H:23]>>[F-:1].[F:2][C@@:5]([C:4]([H:3])([C:31]#[N:32])[C:41]#[N:42])([H:11])[N:21]([H:22])[H:23],21.4287202498444
[Cl-:2].[F:1][C@:5]([C:4]([H:3])([H:31])[N:41]([H:42])[H:43])([C:11]([H:12])([H:13])[H:14])[C:21]#[N:22]>>[Cl:2][C@@:5]([C:4]([H:3])([H:31])[N:41]([H:42])[H:43])([C:11]([H:12])([H:13])[H:14])[C:21]#[N:22].[F-:1],45.9985319180196
[F:1][C@:5]([C:4]([H:3])([C:31]#[N:32])[H:41])([N:11]([H:12])[H:13])[N+:21]([O-:22])[O:23].[H-:2]>>[F-:1].[H:2][C@@:5]([C:4]([H:3])([C:31]#[N:32])[H:41])([N:11]([H:12])[H:13])[N+:21]([O-:22])[O:23],16.9616889257771
[Br-:2].[Br:1][C:5]([C@:4]([H:3])([N:31]([H:32])[H:33])[C:41]([H:42])([H:43])[H:44])([H:11])[H:21]>>[Br-:1].[Br:2][C:5]([C@:4]([H:3])([N:31]([H:32])[H:33])[C:41]([H:42])([H:43])[H:44])([H:11])[H:21],29.82718570822733
[Cl-:2].[F:1][C@:5]([C:4]([H:3])([C:31]([H:32])([H:33])[H:34])[H:41])([N:11]([H:12])[H:13])[C:21]#[N:22]>>[Cl:2][C@@:5]([C:4]([H:3])([C:31]([H:32])([H:33])[H:34])[H:41])([N:11]([H:12])[H:13])[C:21]#[N:22].[F-:1],48.76285570165116
[F-:2].[F:1][C@:5]([C@:4]([H:3])([N:31]([H:32])[H:33])[C:41]([H:42])([H:43])[H:44])([C:11]#[N:12])[N:21]([H:22])[H:23]>>[F-:1].[F:2][C@@:5]([C@:4]([H:3])([N:31]([H:32])[H:33])[C:41]([H:42])([H:43])[H:44])([C:11]#[N:12])[N:21]([H:22])[H:23],32.37191582939177
[F:1][C@:5]([C@:4]([H:3])([N+:31]([O-:32])[O:33])[N:41]([H:42])[H:43])([C:11]([H:12])([H:13])[H:14])[N:21]([H:22])[H:23].[H-:2]>>[F-:1].[H:2][C@@:5]([C@:4]([H:3])([N+:31]([O-:32])[O:33])[N:41]([H:42])[H:43])([C:11]([H:12])([H:13])[H:14])[N:21]([H:22])[H:23],38.459481548803815
[Cl-:2].[F:1][C@:5]([C@:4]([H:3])([C:31]#[N:32])[N:41]([H:42])[H:43])([C:11]#[N:12])[C:21]([H:22])([H:23])[H:24]>>[Cl:2][C@@:5]([C@:4]([H:3])([C:31]#[N:32])[N:41]([H:42])[H:43])([C:11]#[N:12])[C:21]([H:22])([H:23])[H:24].[F-:1],43.26596470695527
[Br:1][C@:5]([C:4]([H:3])([H:31])[C:41]#[N:42])([C:11]([H:12])([H:13])[H:14])[N:21]([H:22])[H:23].[F-:2]>>[Br-:1].[F:2][C@@:5]([C:4]([H:3])([H:31])[C:41]#[N:42])([C:11]([H:12])([H:13])[H:14])[N:21]([H:22])[H:23],14.634490926239556
[Cl:1][C@:5]([C@:4]([H:3])([C:31]#[N:32])[C:41]([H:42])([H:43])[H:44])([N:11]([H:12])[H:13])[C:21]#[N:22].[H-:2]>>[Cl-:1].[H:2][C@@:5]([C@:4]([H:3])([C:31]#[N:32])[C:41]([H:42])([H:43])[H:44])([N:11]([H:12])[H:13])[C:21]#[N:22],12.214566529722068
[F-:2].[F:1][C@:5]([C@:4]([H:3])([C:31]([H:32])([H:33])[H:34])[N:41]([H:42])[H:43])([N+:11]([O-:12])[O:13])[C:21]([H:22])([H:23])[H:24]>>[F-:1].[F:2][C@@:5]([C@:4]([H:3])([C:31]([H:32])([H:33])[H:34])[N:41]([H:42])[H:43])([N+:11]([O-:12])[O:13])[C:21]([H:22])([H:23])[H:24],26.75621035786941
[Br-:2].[Cl:1][C@:5]([C:4]([H:3])([N:31]([H:32])[H:33])[H:41])([C:11]([H:12])([H:13])[H:14])[H:21]>>[Br:2][C@@:5]([C:4]([H:3])([N:31]([H:32])[H:33])[H:41])([C:11]([H:12])([H:13])[H:14])[H:21].[Cl-:1],32.353000013967296
[Br:1][C@:5]([C:4]([H:3])([C:31]([H:32])([H:33])[H:34])[H:41])([H:11])[C:21]([H:22])([H:23])[H:24].[Cl-:2]>>[Br-:1].[Cl:2][C@@:5]([C:4]([H:3])([C:31]([H:32])([H:33])[H:34])[H:41])([H:11])[C:21]([H:22])([H:23])[H:24],18.175972908322773
[F:1][C@:5]([C@:4]([H:3])([N:31]([H:32])[H:33])[N+:41]([O-:42])[O:43])([C:11]([H:12])([H:13])[H:14])[H:21].[H-:2]>>[F-:1].[H:2][C:5]([C@:4]([H:3])([N:31]([H:32])[H:33])[N+:41]([O-:42])[O:43])([C:11]([H:12])([H:13])[H:14])[H:21],25.087771492137488
[Br-:2].[Cl:1][C@:5]([C:4]([H:3])([H:31])[C:41]([H:42])([H:43])[H:44])([N:11]([H:12])[H:13])[C:21]#[N:22]>>[Br:2][C@@:5]([C:4]([H:3])([H:31])[C:41]([H:42])([H:43])[H:44])([N:11]([H:12])[H:13])[C:21]#[N:22].[Cl-:1],36.229764151894834
[F:1][C@:5]([C@:4]([H:3])([C:31]#[N:32])[C:41]([H:42])([H:43])[H:44])([H:11])[C:21]#[N:22].[H-:2]>>[F-:1].[H:2][C:5]([C@:4]([H:3])([C:31]#[N:32])[C:41]([H:42])([H:43])[H:44])([H:11])[C:21]#[N:22],8.35097048972068
[F-:2].[F:1][C@:5]([C@:4]([H:3])([N:31]([H:32])[H:33])[C:41]#[N:42])([C:11]#[N:12])[H:21]>>[F-:1].[F:2][C@@:5]([C@:4]([H:3])([N:31]([H:32])[H:33])[C:41]#[N:42])([C:11]#[N:12])[H:21],26.712260428174247
[Cl:1][C:5]([C:4]([H:3])([H:31])[H:41])([C:11]#[N:12])[C:21]([H:22])([H:23])[H:24].[F-:2]>>[Cl-:1].[F:2][C:5]([C:4]([H:3])([H:31])[H:41])([C:11]#[N:12])[C:21]([H:22])([H:23])[H:24],6.943516903112394
[Br:1][C@:5]([C@:4]([H:3])([C:31]([H:32])([H:33])[H:34])[C:41]#[N:42])([H:11])[N:21]([H:22])[H:23].[F-:2]>>[Br-:1].[F:2][C@@:5]([C@:4]([H:3])([C:31]([H:32])([H:33])[H:34])[C:41]#[N:42])([H:11])[N:21]([H:22])[H:23],19.70351410750904
[Cl:1][C:5]([C@:4]([H:3])([C:31]([H:32])([H:33])[H:34])[N+:41]([O-:42])[O:43])([C:11]([H:12])([H:13])[H:14])[C:21]([H:22])([H:23])[H:24].[H-:2]>>[Cl-:1].[H:2][C:5]([C@:4]([H:3])([C:31]([H:32])([H:33])[H:34])[N+:41]([O-:42])[O:43])([C:11]([H:12])([H:13])[H:14])[C:21]([H:22])([H:23])[H:24],20.26439818403953
[Cl:1][C@:5]([C@:4]([H:3])([C:31]([H:32])([H:33])[H:34])[C:41]#[N:42])([H:11])[N+:21]([O-:22])[O:23].[F-:2]>>[Cl-:1].[F:2][C@@:5]([C@:4]([H:3])([C:31]([H:32])([H:33])[H:34])[C:41]#[N:42])([H:11])[N+:21]([O-:22])[O:23],7.895536411053599
[Br:1][C@:5]([C@:4]([H:3])([N+:31]([O-:32])[O:33])[C:41]#[N:42])([N+:11]([O-:12])[O:13])[H:21].[Cl-:2]>>[Br-:1].[Cl:2][C@@:5]([C@:4]([H:3])([N+:31]([O-:32])[O:33])[C:41]#[N:42])([N+:11]([O-:12])[O:13])[H:21],24.066933509037995
[Br-:2].[Cl:1][C@:5]([C:4]([H:3])([C:31]([H:32])([H:33])[H:34])[C:41]([H:42])([H:43])[H:44])([H:11])[C:21]#[N:22]>>[Br:2][C@@:5]([C:4]([H:3])([C:31]([H:32])([H:33])[H:34])[C:41]([H:42])([H:43])[H:44])([H:11])[C:21]#[N:22].[Cl-:1],25.785104573706736
[Br-:2].[F:1][C@:5]([C@:4]([H:3])([N+:31]([O-:32])[O:33])[C:41]([H:42])([H:43])[H:44])([N:11]([H:12])[H:13])[H:21]>>[Br:2][C@@:5]([C@:4]([H:3])([N+:31]([O-:32])[O:33])[C:41]([H:42])([H:43])[H:44])([N:11]([H:12])[H:13])[H:21].[F-:1],51.22433836630292
[Br:1][C@:5]([C@:4]([H:3])([C:31]([H:32])([H:33])[H:34])[N:41]([H:42])[H:43])([H:11])[C:21]#[N:22].[F-:2]>>[Br-:1].[F:2][C@@:5]([C@:4]([H:3])([C:31]([H:32])([H:33])[H:34])[N:41]([H:42])[H:43])([H:11])[C:21]#[N:22],17.789771997472283
[Br:1][C@:5]([C@:4]([H:3])([N+:31]([O-:32])[O:33])[C:41]#[N:42])([C:11]([H:12])([H:13])[H:14])[H:21].[F-:2]>>[Br-:1].[F:2][C@@:5]([C@:4]([H:3])([N+:31]([O-:32])[O:33])[C:41]#[N:42])([C:11]([H:12])([H:13])[H:14])[H:21],0.8426506272041523
[F:1][C:5]([C:4]([H:3])([H:31])[H:41])([C:11]([H:12])([H:13])[H:14])[N:21]([H:22])[H:23].[H-:2]>>[F-:1].[H:2][C:5]([C:4]([H:3])([H:31])[H:41])([C:11]([H:12])([H:13])[H:14])[N:21]([H:22])[H:23],33.68802521861661
[Cl:1][C@:5]([C@:4]([H:3])([N:31]([H:32])[H:33])[C:41]#[N:42])([C:11]([H:12])([H:13])[H:14])[H:21].[H-:2]>>[Cl-:1].[H:2][C:5]([C@:4]([H:3])([N:31]([H:32])[H:33])[C:41]#[N:42])([C:11]([H:12])([H:13])[H:14])[H:21],16.02914122624712
[Cl-:2].[F:1][C@:5]([C:4]([H:3])([C:31]([H:32])([H:33])[H:34])[C:41]([H:42])([H:43])[H:44])([C:11]([H:12])([H:13])[H:14])[C:21]#[N:22]>>[Cl:2][C@@:5]([C:4]([H:3])([C:31]([H:32])([H:33])[H:34])[C:41]([H:42])([H:43])[H:44])([C:11]([H:12])([H:13])[H:14])[C:21]#[N:22].[F-:1],43.51407639703973
[Cl-:2].[Cl:1][C:5]([C@:4]([H:3])([C:31]#[N:32])[N+:41]([O-:42])[O:43])([H:11])[H:21]>>[Cl-:1].[Cl:2][C:5]([C@:4]([H:3])([C:31]#[N:32])[N+:41]([O-:42])[O:43])([H:11])[H:21],24.489493965303296
[Br-:2].[Cl:1][C@:5]([C@:4]([H:3])([C:31]#[N:32])[C:41]([H:42])([H:43])[H:44])([H:11])[C:21]([H:22])([H:23])[H:24]>>[Br:2][C@@:5]([C@:4]([H:3])([C:31]#[N:32])[C:41]([H:42])([H:43])[H:44])([H:11])[C:21]([H:22])([H:23])[H:24].[Cl-:1],30.272466971121176
[F:1][C:5]([C@:4]([H:3])([C:31]([H:32])([H:33])[H:34])[N:41]([H:42])[H:43])([C:11]#[N:12])[C:21]#[N:22].[H-:2]>>[F-:1].[H:2][C:5]([C@:4]([H:3])([C:31]([H:32])([H:33])[H:34])[N:41]([H:42])[H:43])([C:11]#[N:12])[C:21]#[N:22],5.5541267009664415
[Br:1][C@:5]([C:4]([H:3])([H:31])[N:41]([H:42])[H:43])([C:11]#[N:12])[C:21]([H:22])([H:23])[H:24].[F-:2]>>[Br-:1].[F:2][C@@:5]([C:4]([H:3])([H:31])[N:41]([H:42])[H:43])([C:11]#[N:12])[C:21]([H:22])([H:23])[H:24],20.19397138283272
[Cl:1][C@:5]([C@:4]([H:3])([C:31]#[N:32])[N+:41]([O-:42])[O:43])([H:11])[N:21]([H:22])[H:23].[F-:2]>>[Cl-:1].[F:2][C@@:5]([C@:4]([H:3])([C:31]#[N:32])[N+:41]([O-:42])[O:43])([H:11])[N:21]([H:22])[H:23],23.598987744529087
[F-:2].[F:1][C@:5]([C:4]([H:3])([N+:31]([O-:32])[O:33])[H:41])([C:11]([H:12])([H:13])[H:14])[H:21]>>[F-:1].[F:2][C@@:5]([C:4]([H:3])([N+:31]([O-:32])[O:33])[H:41])([C:11]([H:12])([H:13])[H:14])[H:21],24.77773987367829
[Cl:1][C@:5]([C:4]([H:3])([C:31]#[N:32])[C:41]#[N:42])([C:11]([H:12])([H:13])[H:14])[N+:21]([O-:22])[O:23].[F-:2]>>[Cl-:1].[F:2][C@@:5]([C:4]([H:3])([C:31]#[N:32])[C:41]#[N:42])([C:11]([H:12])([H:13])[H:14])[N+:21]([O-:22])[O:23],9.014713796442155
[Cl:1][C@:5]([C@:4]([H:3])([C:31]([H:32])([H:33])[H:34])[C:41]#[N:42])([C:11]#[N:12])[H:21].[H-:2]>>[Cl-:1].[H:2][C:5]([C@:4]([H:3])([C:31]([H:32])([H:33])[H:34])[C:41]#[N:42])([C:11]#[N:12])[H:21],5.861989209526569
[Cl-:2].[F:1][C@:5]([C@:4]([H:3])([N+:31]([O-:32])[O:33])[C:41]([H:42])([H:43])[H:44])([N:11]([H:12])[H:13])[H:21]>>[Cl:2][C@@:5]([C@:4]([H:3])([N+:31]([O-:32])[O:33])[C:41]([H:42])([H:43])[H:44])([N:11]([H:12])[H:13])[H:21].[F-:1],48.78190506383783
[Cl-:2].[Cl:1][C@:5]([C:4]([H:3])([N+:31]([O-:32])[O:33])[H:41])([N:11]([H:12])[H:13])[N+:21]([O-:22])[O:23]>>[Cl-:1].[Cl:2][C@@:5]([C:4]([H:3])([N+:31]([O-:32])[O:33])[H:41])([N:11]([H:12])[H:13])[N+:21]([O-:22])[O:23],40.89825349579935
[F:1][C:5]([C:4]([H:3])([C:31]([H:32])([H:33])[H:34])[C:41]([H:42])([H:43])[H:44])([N:11]([H:12])[H:13])[N:21]([H:22])[H:23].[H-:2]>>[F-:1].[H:2][C:5]([C:4]([H:3])([C:31]([H:32])([H:33])[H:34])[C:41]([H:42])([H:43])[H:44])([N:11]([H:12])[H:13])[N:21]([H:22])[H:23],40.057518425986686
[Cl:1][C@:5]([C@:4]([H:3])([C:31]#[N:32])[C:41]([H:42])([H:43])[H:44])([H:11])[N:21]([H:22])[H:23].[F-:2]>>[Cl-:1].[F:2][C@@:5]([C@:4]([H:3])([C:31]#[N:32])[C:41]([H:42])([H:43])[H:44])([H:11])[N:21]([H:22])[H:23],19.57265645788909
[F:1][C:5]([C:4]([H:3])([N:31]([H:32])[H:33])[H:41])([N:11]([H:12])[H:13])[N:21]([H:22])[H:23].[H-:2]>>[F-:1].[H:2][C:5]([C:4]([H:3])([N:31]([H:32])[H:33])[H:41])([N:11]([H:12])[H:13])[N:21]([H:22])[H:23],33.41031747645057
[Cl:1][C@:5]([C@:4]([H:3])([N:31]([H:32])[H:33])[C:41]([H:42])([H:43])[H:44])([H:11])[N+:21]([O-:22])[O:23].[H-:2]>>[Cl-:1].[H:2][C:5]([C@:4]([H:3])([N:31]([H:32])[H:33])[C:41]([H:42])([H:43])[H:44])([H:11])[N+:21]([O-:22])[O:23],5.535476499974487
[Br:1][C@:5]([C:4]([H:3])([N+:31]([O-:32])[O:33])[N+:41]([O-:42])[O:43])([N:11]([H:12])[H:13])[H:21].[F-:2]>>[Br-:1].[F:2][C@@:5]([C:4]([H:3])([N+:31]([O-:32])[O:33])[N+:41]([O-:42])[O:43])([N:11]([H:12])[H:13])[H:21],21.65711295998505
[Cl-:2].[Cl:1][C@:5]([C@:4]([H:3])([C:31]#[N:32])[N:41]([H:42])[H:43])([C:11]([H:12])([H:13])[H:14])[C:21]#[N:22]>>[Cl-:1].[Cl:2][C@@:5]([C@:4]([H:3])([C:31]#[N:32])[N:41]([H:42])[H:43])([C:11]([H:12])([H:13])[H:14])[C:21]#[N:22],32.701635276438104
[Br-:2].[Cl:1][C@:5]([C:4]([H:3])([N:31]([H:32])[H:33])[N:41]([H:42])[H:43])([N+:11]([O-:12])[O:13])[H:21]>>[Br:2][C@@:5]([C:4]([H:3])([N:31]([H:32])[H:33])[N:41]([H:42])[H:43])([N+:11]([O-:12])[O:13])[H:21].[Cl-:1],41.78321168091608
[Br-:2].[Cl:1][C:5]([C:4]([H:3])([C:31]([H:32])([H:33])[H:34])[C:41]([H:42])([H:43])[H:44])([H:11])[H:21]>>[Br:2][C:5]([C:4]([H:3])([C:31]([H:32])([H:33])[H:34])[C:41]([H:42])([H:43])[H:44])([H:11])[H:21].[Cl-:1],30.42718067271995
[F-:2].[F:1][C@:5]([C:4]([H:3])([C:31]([H:32])([H:33])[H:34])[C:41]([H:42])([H:43])[H:44])([C:11]#[N:12])[N:21]([H:22])[H:23]>>[F-:1].[F:2][C@@:5]([C:4]([H:3])([C:31]([H:32])([H:33])[H:34])[C:41]([H:42])([H:43])[H:44])([C:11]#[N:12])[N:21]([H:22])[H:23],33.155849954695384
[Br:1][C@:5]([C:4]([H:3])([N:31]([H:32])[H:33])[N:41]([H:42])[H:43])([H:11])[N:21]([H:22])[H:23].[H-:2]>>[Br-:1].[H:2][C:5]([C:4]([H:3])([N:31]([H:32])[H:33])[N:41]([H:42])[H:43])([H:11])[N:21]([H:22])[H:23],19.7301784066764
[F:1][C@:5]([C@:4]([H:3])([C:31]#[N:32])[N:41]([H:42])[H:43])([C:11]([H:12])([H:13])[H:14])[N:21]([H:22])[H:23].[H-:2]>>[F-:1].[H:2][C@@:5]([C@:4]([H:3])([C:31]#[N:32])[N:41]([H:42])[H:43])([C:11]([H:12])([H:13])[H:14])[N:21]([H:22])[H:23],38.16512956843
[F:1][C:5]([C:4]([H:3])([N:31]([H:32])[H:33])[H:41])([C:11]([H:12])([H:13])[H:14])[C:21]([H:22])([H:23])[H:24].[H-:2]>>[F-:1].[H:2][C:5]([C:4]([H:3])([N:31]([H:32])[H:33])[H:41])([C:11]([H:12])([H:13])[H:14])[C:21]([H:22])([H:23])[H:24],28.22513331354431
[Cl-:2].[Cl:1][C@:5]([C:4]([H:3])([N+:31]([O-:32])[O:33])[H:41])([C:11]([H:12])([H:13])[H:14])[H:21]>>[Cl-:1].[Cl:2][C@@:5]([C:4]([H:3])([N+:31]([O-:32])[O:33])[H:41])([C:11]([H:12])([H:13])[H:14])[H:21],28.979031762455016
[Br-:2].[Cl:1][C@:5]([C:4]([H:3])([H:31])[C:41]#[N:42])([H:11])[N+:21]([O-:22])[O:23]>>[Br:2][C@@:5]([C:4]([H:3])([H:31])[C:41]#[N:42])([H:11])[N+:21]([O-:22])[O:23].[Cl-:1],25.304066535779143
[Cl-:2].[Cl:1][C@:5]([C:4]([H:3])([C:31]#[N:32])[C:41]#[N:42])([C:11]([H:12])([H:13])[H:14])[H:21]>>[Cl-:1].[Cl:2][C@@:5]([C:4]([H:3])([C:31]#[N:32])[C:41]#[N:42])([C:11]([H:12])([H:13])[H:14])[H:21],29.34196070711861
[Br-:2].[Cl:1][C:5]([C:4]([H:3])([H:31])[H:41])([N+:11]([O-:12])[O:13])[C:21]([H:22])([H:23])[H:24]>>[Br:2][C:5]([C:4]([H:3])([H:31])[H:41])([N+:11]([O-:12])[O:13])[C:21]([H:22])([H:23])[H:24].[Cl-:1],30.75733107773037
[Cl:1][C@:5]([C:4]([H:3])([C:31]#[N:32])[H:41])([H:11])[N+:21]([O-:22])[O:23].[F-:2]>>[Cl-:1].[F:2][C@@:5]([C:4]([H:3])([C:31]#[N:32])[H:41])([H:11])[N+:21]([O-:22])[O:23],6.889265828657558
[Cl:1][C@:5]([C@:4]([H:3])([N+:31]([O-:32])[O:33])[C:41]([H:42])([H:43])[H:44])([N:11]([H:12])[H:13])[H:21].[F-:2]>>[Cl-:1].[F:2][C@@:5]([C@:4]([H:3])([N+:31]([O-:32])[O:33])[C:41]([H:42])([H:43])[H:44])([N:11]([H:12])[H:13])[H:21],21.87697720290565
[Br-:2].[F:1][C@:5]([C@:4]([H:3])([N:31]([H:32])[H:33])[C:41]#[N:42])([N:11]([H:12])[H:13])[H:21]>>[Br:2][C@@:5]([C@:4]([H:3])([N:31]([H:32])[H:33])[C:41]#[N:42])([N:11]([H:12])[H:13])[H:21].[F-:1],56.12772055054632
[F:1][C@:5]([C@:4]([H:3])([N:31]([H:32])[H:33])[C:41]#[N:42])([H:11])[C:21]([H:22])([H:23])[H:24].[H-:2]>>[F-:1].[H:2][C:5]([C@:4]([H:3])([N:31]([H:32])[H:33])[C:41]#[N:42])([H:11])[C:21]([H:22])([H:23])[H:24],24.67996411965636
[F-:2].[F:1][C@:5]([C@:4]([H:3])([N+:31]([O-:32])[O:33])[C:41]([H:42])([H:43])[H:44])([H:11])[N:21]([H:22])[H:23]>>[F-:1].[F:2][C@@:5]([C@:4]([H:3])([N+:31]([O-:32])[O:33])[C:41]([H:42])([H:43])[H:44])([H:11])[N:21]([H:22])[H:23],33.686610602921746
[Cl-:2].[Cl:1][C@:5]([C:4]([H:3])([N+:31]([O-:32])[O:33])[H:41])([C:11]#[N:12])[H:21]>>[Cl-:1].[Cl:2][C@@:5]([C:4]([H:3])([N+:31]([O-:32])[O:33])[H:41])([C:11]#[N:12])[H:21],19.450591094444988
[Cl-:2].[F:1][C@:5]([C:4]([H:3])([H:31])[H:41])([H:11])[C:21]#[N:22]>>[Cl:2][C@@:5]([C:4]([H:3])([H:31])[H:41])([H:11])[C:21]#[N:22].[F-:1],34.573440978645806
[Cl:1][C@:5]([C@:4]([H:3])([N:31]([H:32])[H:33])[N+:41]([O-:42])[O:43])([C:11]([H:12])([H:13])[H:14])[C:21]#[N:22].[F-:2]>>[Cl-:1].[F:2][C@@:5]([C@:4]([H:3])([N:31]([H:32])[H:33])[N+:41]([O-:42])[O:43])([C:11]([H:12])([H:13])[H:14])[C:21]#[N:22],21.36641733880009
[F-:2].[F:1][C@:5]([C:4]([H:3])([N:31]([H:32])[H:33])[H:41])([C:11]([H:12])([H:13])[H:14])[C:21]#[N:22]>>[F-:1].[F:2][C@@:5]([C:4]([H:3])([N:31]([H:32])[H:33])[H:41])([C:11]([H:12])([H:13])[H:14])[C:21]#[N:22],26.276695665709383
[Cl:1][C:5]([C:4]([H:3])([C:31]#[N:32])[C:41]#[N:42])([N:11]([H:12])[H:13])[N:21]([H:22])[H:23].[H-:2]>>[Cl-:1].[H:2][C:5]([C:4]([H:3])([C:31]#[N:32])[C:41]#[N:42])([N:11]([H:12])[H:13])[N:21]([H:22])[H:23],27.62800543283862
[Br-:2].[Br:1][C@:5]([C:4]([H:3])([H:31])[H:41])([H:11])[C:21]#[N:22]>>[Br-:1].[Br:2][C@@:5]([C:4]([H:3])([H:31])[H:41])([H:11])[C:21]#[N:22],16.607254970158955
[Cl-:2].[F:1][C@:5]([C@:4]([H:3])([N:31]([H:32])[H:33])[C:41]#[N:42])([N:11]([H:12])[H:13])[C:21]#[N:22]>>[Cl:2][C@@:5]([C@:4]([H:3])([N:31]([H:32])[H:33])[C:41]#[N:42])([N:11]([H:12])[H:13])[C:21]#[N:22].[F-:1],51.557438846031154
[Br:1][C@:5]([C:4]([H:3])([C:31]#[N:32])[C:41]#[N:42])([C:11]([H:12])([H:13])[H:14])[N:21]([H:22])[H:23].[H-:2]>>[Br-:1].[H:2][C@@:5]([C:4]([H:3])([C:31]#[N:32])[C:41]#[N:42])([C:11]([H:12])([H:13])[H:14])[N:21]([H:22])[H:23],24.4850850731641
[Br-:2].[Cl:1][C@:5]([C:4]([H:3])([C:31]([H:32])([H:33])[H:34])[H:41])([C:11]([H:12])([H:13])[H:14])[H:21]>>[Br:2][C@@:5]([C:4]([H:3])([C:31]([H:32])([H:33])[H:34])[H:41])([C:11]([H:12])([H:13])[H:14])[H:21].[Cl-:1],23.9856930049566
[F-:2].[F:1][C@:5]([C@:4]([H:3])([C:31]#[N:32])[N+:41]([O-:42])[O:43])([C:11]([H:12])([H:13])[H:14])[H:21]>>[F-:1].[F:2][C@@:5]([C@:4]([H:3])([C:31]#[N:32])[N+:41]([O-:42])[O:43])([C:11]([H:12])([H:13])[H:14])[H:21],27.709240402177144
[Cl-:2].[Cl:1][C@:5]([C@:4]([H:3])([N+:31]([O-:32])[O:33])[C:41]#[N:42])([C:11]([H:12])([H:13])[H:14])[H:21]>>[Cl-:1].[Cl:2][C@@:5]([C@:4]([H:3])([N+:31]([O-:32])[O:33])[C:41]#[N:42])([C:11]([H:12])([H:13])[H:14])[H:21],33.99669663140153
[Cl-:2].[Cl:1][C@:5]([C:4]([H:3])([C:31]#[N:32])[H:41])([C:11]#[N:12])[H:21]>>[Cl-:1].[Cl:2][C@@:5]([C:4]([H:3])([C:31]#[N:32])[H:41])([C:11]#[N:12])[H:21],21.57985491530941
[Cl:1][C:5]([C:4]([H:3])([N:31]([H:32])[H:33])[H:41])([H:11])[H:21].[F-:2]>>[Cl-:1].[F:2][C:5]([C:4]([H:3])([N:31]([H:32])[H:33])[H:41])([H:11])[H:21],11.717444504593368
[F-:2].[F:1][C:5]([C:4]([H:3])([H:31])[C:41]#[N:42])([N:11]([H:12])[H:13])[N:21]([H:22])[H:23]>>[F-:1].[F:2][C:5]([C:4]([H:3])([H:31])[C:41]#[N:42])([N:11]([H:12])[H:13])[N:21]([H:22])[H:23],44.75455235285
[Cl-:2].[F:1][C@:5]([C@:4]([H:3])([N:31]([H:32])[H:33])[C:41]([H:42])([H:43])[H:44])([C:11]([H:12])([H:13])[H:14])[C:21]#[N:22]>>[Cl:2][C@@:5]([C@:4]([H:3])([N:31]([H:32])[H:33])[C:41]([H:42])([H:43])[H:44])([C:11]([H:12])([H:13])[H:14])[C:21]#[N:22].[F-:1],47.8955829001229
[Cl-:2].[Cl:1][C@:5]([C:4]([H:3])([C:31]#[N:32])[H:41])([C:11]([H:12])([H:13])[H:14])[H:21]>>[Cl-:1].[Cl:2][C@@:5]([C:4]([H:3])([C:31]#[N:32])[H:41])([C:11]([H:12])([H:13])[H:14])[H:21],23.39785473356833
[Br-:2].[Cl:1][C@:5]([C:4]([H:3])([C:31]#[N:32])[H:41])([H:11])[C:21]#[N:22]>>[Br:2][C@@:5]([C:4]([H:3])([C:31]#[N:32])[H:41])([H:11])[C:21]#[N:22].[Cl-:1],22.566786550600057
[Cl-:2].[F:1][C@:5]([C@:4]([H:3])([C:31]#[N:32])[N+:41]([O-:42])[O:43])([C:11]#[N:12])[N:21]([H:22])[H:23]>>[Cl:2][C@@:5]([C@:4]([H:3])([C:31]#[N:32])[N+:41]([O-:42])[O:43])([C:11]#[N:12])[N:21]([H:22])[H:23].[F-:1],42.12438486869628
[Br-:2].[F:1][C@:5]([C:4]([H:3])([C:31]([H:32])([H:33])[H:34])[C:41]([H:42])([H:43])[H:44])([H:11])[C:21]([H:22])([H:23])[H:24]>>[Br:2][C@@:5]([C:4]([H:3])([C:31]([H:32])([H:33])[H:34])[C:41]([H:42])([H:43])[H:44])([H:11])[C:21]([H:22])([H:23])[H:24].[F-:1],48.6759556024484
[F-:2].[F:1][C@:5]([C@:4]([H:3])([N+:31]([O-:32])[O:33])[C:41]([H:42])([H:43])[H:44])([C:11]([H:12])([H:13])[H:14])[H:21]>>[F-:1].[F:2][C@@:5]([C@:4]([H:3])([N+:31]([O-:32])[O:33])[C:41]([H:42])([H:43])[H:44])([C:11]([H:12])([H:13])[H:14])[H:21],24.87432756322262
[F:1][C:5]([C@:4]([H:3])([C:31]#[N:32])[N:41]([H:42])[H:43])([C:11]#[N:12])[C:21]#[N:22].[H-:2]>>[F-:1].[H:2][C:5]([C@:4]([H:3])([C:31]#[N:32])[N:41]([H:42])[H:43])([C:11]#[N:12])[C:21]#[N:22],8.585681256077482
[F:1][C:5]([C:4]([H:3])([N+:31]([O-:32])[O:33])[H:41])([N:11]([H:12])[H:13])[N:21]([H:22])[H:23].[H-:2]>>[F-:1].[H:2][C:5]([C:4]([H:3])([N+:31]([O-:32])[O:33])[H:41])([N:11]([H:12])[H:13])[N:21]([H:22])[H:23],36.20403446418234
[F-:2].[F:1][C@:5]([C@:4]([H:3])([N+:31]([O-:32])[O:33])[C:41]([H:42])([H:43])[H:44])([C:11]#[N:12])[N:21]([H:22])[H:23]>>[F-:1].[F:2][C@@:5]([C@:4]([H:3])([N+:31]([O-:32])[O:33])[C:41]([H:42])([H:43])[H:44])([C:11]#[N:12])[N:21]([H:22])[H:23],26.80447186051517
[Cl-:2].[Cl:1][C@:5]([C@:4]([H:3])([C:31]([H:32])([H:33])[H:34])[N:41]([H:42])[H:43])([H:11])[N+:21]([O-:22])[O:23]>>[Cl-:1].[Cl:2][C@@:5]([C@:4]([H:3])([C:31]([H:32])([H:33])[H:34])[N:41]([H:42])[H:43])([H:11])[N+:21]([O-:22])[O:23],33.09943158745451
[Br:1][C@:5]([C:4]([H:3])([H:31])[N:41]([H:42])[H:43])([C:11]#[N:12])[H:21].[Cl-:2]>>[Br-:1].[Cl:2][C@@:5]([C:4]([H:3])([H:31])[N:41]([H:42])[H:43])([C:11]#[N:12])[H:21],25.71841266843296
[Cl-:2].[F:1][C@:5]([C:4]([H:3])([H:31])[H:41])([N+:11]([O-:12])[O:13])[H:21]>>[Cl:2][C@@:5]([C:4]([H:3])([H:31])[H:41])([N+:11]([O-:12])[O:13])[H:21].[F-:1],39.76431018537487
[F:1][C@:5]([C@:4]([H:3])([N:31]([H:32])[H:33])[C:41]([H:42])([H:43])[H:44])([C:11]([H:12])([H:13])[H:14])[C:21]#[N:22].[H-:2]>>[F-:1].[H:2][C@@:5]([C@:4]([H:3])([N:31]([H:32])[H:33])[C:41]([H:42])([H:43])[H:44])([C:11]([H:12])([H:13])[H:14])[C:21]#[N:22],13.5133834931102
[Br-:2].[Br:1][C@:5]([C:4]([H:3])([H:31])[H:41])([N+:11]([O-:12])[O:13])[N:21]([H:22])[H:23]>>[Br-:1].[Br:2][C@@:5]([C:4]([H:3])([H:31])[H:41])([N+:11]([O-:12])[O:13])[N:21]([H:22])[H:23],19.73460879683284
[Br-:2].[Cl:1][C@:5]([C@:4]([H:3])([C:31]([H:32])([H:33])[H:34])[N+:41]([O-:42])[O:43])([N:11]([H:12])[H:13])[H:21]>>[Br:2][C@@:5]([C@:4]([H:3])([C:31]([H:32])([H:33])[H:34])[N+:41]([O-:42])[O:43])([N:11]([H:12])[H:13])[H:21].[Cl-:1],18.775583800568988
[Br:1][C@:5]([C@:4]([H:3])([C:31]([H:32])([H:33])[H:34])[N:41]([H:42])[H:43])([C:11]#[N:12])[H:21].[F-:2]>>[Br-:1].[F:2][C@@:5]([C@:4]([H:3])([C:31]([H:32])([H:33])[H:34])[N:41]([H:42])[H:43])([C:11]#[N:12])[H:21],20.51404445499585
[Cl:1][C@:5]([C:4]([H:3])([H:31])[C:41]#[N:42])([C:11]#[N:12])[C:21]([H:22])([H:23])[H:24].[H-:2]>>[Cl-:1].[H:2][C@@:5]([C:4]([H:3])([H:31])[C:41]#[N:42])([C:11]#[N:12])[C:21]([H:22])([H:23])[H:24],3.6032876143059127
[Br-:2].[Br:1][C@:5]([C@:4]([H:3])([N:31]([H:32])[H:33])[C:41]([H:42])([H:43])[H:44])([C:11]([H:12])([H:13])[H:14])[H:21]>>[Br-:1].[Br:2][C@@:5]([C@:4]([H:3])([N:31]([H:32])[H:33])[C:41]([H:42])([H:43])[H:44])([C:11]([H:12])([H:13])[H:14])[H:21],29.822681454379808
[Br:1][C:5]([C@:4]([H:3])([N:31]([H:32])[H:33])[C:41]#[N:42])([C:11]([H:12])([H:13])[H:14])[C:21]([H:22])([H:23])[H:24].[F-:2]>>[Br-:1].[F:2][C:5]([C@:4]([H:3])([N:31]([H:32])[H:33])[C:41]#[N:42])([C:11]([H:12])([H:13])[H:14])[C:21]([H:22])([H:23])[H:24],26.58388003655249
[Br:1][C@:5]([C:4]([H:3])([C:31]#[N:32])[C:41]#[N:42])([H:11])[C:21]#[N:22].[Cl-:2]>>[Br-:1].[Cl:2][C@@:5]([C:4]([H:3])([C:31]#[N:32])[C:41]#[N:42])([H:11])[C:21]#[N:22],22.19963677394945
[Br:1][C@:5]([C:4]([H:3])([H:31])[C:41]([H:42])([H:43])[H:44])([H:11])[N:21]([H:22])[H:23].[H-:2]>>[Br-:1].[H:2][C:5]([C:4]([H:3])([H:31])[C:41]([H:42])([H:43])[H:44])([H:11])[N:21]([H:22])[H:23],8.738528811661299
[F-:2].[F:1][C@:5]([C@:4]([H:3])([N+:31]([O-:32])[O:33])[C:41]([H:42])([H:43])[H:44])([N:11]([H:12])[H:13])[C:21]([H:22])([H:23])[H:24]>>[F-:1].[F:2][C@@:5]([C@:4]([H:3])([N+:31]([O-:32])[O:33])[C:41]([H:42])([H:43])[H:44])([N:11]([H:12])[H:13])[C:21]([H:22])([H:23])[H:24],35.983347053238674
[Cl-:2].[Cl:1][C@:5]([C:4]([H:3])([H:31])[H:41])([C:11]#[N:12])[N+:21]([O-:22])[O:23]>>[Cl-:1].[Cl:2][C@@:5]([C:4]([H:3])([H:31])[H:41])([C:11]#[N:12])[N+:21]([O-:22])[O:23],16.039709660869473
[F-:2].[F:1][C@:5]([C:4]([H:3])([N:31]([H:32])[H:33])[H:41])([N:11]([H:12])[H:13])[C:21]#[N:22]>>[F-:1].[F:2][C@@:5]([C:4]([H:3])([N:31]([H:32])[H:33])[H:41])([N:11]([H:12])[H:13])[C:21]#[N:22],36.25458868761436
[Br-:2].[Cl:1][C:5]([C:4]([H:3])([H:31])[C:41]([H:42])([H:43])[H:44])([C:11]#[N:12])[C:21]#[N:22]>>[Br:2][C:5]([C:4]([H:3])([H:31])[C:41]([H:42])([H:43])[H:44])([C:11]#[N:12])[C:21]#[N:22].[Cl-:1],19.11076759361344
[Cl-:2].[Cl:1][C@:5]([C:4]([H:3])([C:31]#[N:32])[H:41])([N:11]([H:12])[H:13])[N+:21]([O-:22])[O:23]>>[Cl-:1].[Cl:2][C@@:5]([C:4]([H:3])([C:31]#[N:32])[H:41])([N:11]([H:12])[H:13])[N+:21]([O-:22])[O:23],34.03486348257676
[Cl:1][C@:5]([C:4]([H:3])([H:31])[N:41]([H:42])[H:43])([H:11])[N+:21]([O-:22])[O:23].[F-:2]>>[Cl-:1].[F:2][C@@:5]([C:4]([H:3])([H:31])[N:41]([H:42])[H:43])([H:11])[N+:21]([O-:22])[O:23],16.085598238769634
[F:1][C@:5]([C:4]([H:3])([H:31])[C:41]([H:42])([H:43])[H:44])([C:11]#[N:12])[C:21]([H:22])([H:23])[H:24].[H-:2]>>[F-:1].[H:2][C@@:5]([C:4]([H:3])([H:31])[C:41]([H:42])([H:43])[H:44])([C:11]#[N:12])[C:21]([H:22])([H:23])[H:24],12.627494416091304
[F:1][C@:5]([C@:4]([H:3])([C:31]#[N:32])[N:41]([H:42])[H:43])([C:11]#[N:12])[N:21]([H:22])[H:23].[H-:2]>>[F-:1].[H:2][C@@:5]([C@:4]([H:3])([C:31]#[N:32])[N:41]([H:42])[H:43])([C:11]#[N:12])[N:21]([H:22])[H:23],27.53737025108959
[Cl:1][C@:5]([C:4]([H:3])([N+:31]([O-:32])[O:33])[H:41])([N:11]([H:12])[H:13])[C:21]([H:22])([H:23])[H:24].[H-:2]>>[Cl-:1].[H:2][C@@:5]([C:4]([H:3])([N+:31]([O-:32])[O:33])[H:41])([N:11]([H:12])[H:13])[C:21]([H:22])([H:23])[H:24],23.28315561043931
[F:1][C@:5]([C:4]([H:3])([C:31]([H:32])([H:33])[H:34])[C:41]([H:42])([H:43])[H:44])([C:11]#[N:12])[C:21]([H:22])([H:23])[H:24].[H-:2]>>[F-:1].[H:2][C@@:5]([C:4]([H:3])([C:31]([H:32])([H:33])[H:34])[C:41]([H:42])([H:43])[H:44])([C:11]#[N:12])[C:21]([H:22])([H:23])[H:24],12.282321316886904
[Br-:2].[Cl:1][C@:5]([C:4]([H:3])([H:31])[C:41]#[N:42])([H:11])[C:21]([H:22])([H:23])[H:24]>>[Br:2][C@@:5]([C:4]([H:3])([H:31])[C:41]#[N:42])([H:11])[C:21]([H:22])([H:23])[H:24].[Cl-:1],29.81762385672593
[Cl:1][C@:5]([C@:4]([H:3])([C:31]#[N:32])[N+:41]([O-:42])[O:43])([H:11])[C:21]([H:22])([H:23])[H:24].[F-:2]>>[Cl-:1].[F:2][C@@:5]([C@:4]([H:3])([C:31]#[N:32])[N+:41]([O-:42])[O:43])([H:11])[C:21]([H:22])([H:23])[H:24],0.9613565905306088
[F-:2].[F:1][C:5]([C:4]([H:3])([H:31])[N:41]([H:42])[H:43])([N:11]([H:12])[H:13])[N:21]([H:22])[H:23]>>[F-:1].[F:2][C:5]([C:4]([H:3])([H:31])[N:41]([H:42])[H:43])([N:11]([H:12])[H:13])[N:21]([H:22])[H:23],47.068407199558365
[F-:2].[F:1][C@:5]([C@:4]([H:3])([N+:31]([O-:32])[O:33])[C:41]#[N:42])([H:11])[N:21]([H:22])[H:23]>>[F-:1].[F:2][C@@:5]([C@:4]([H:3])([N+:31]([O-:32])[O:33])[C:41]#[N:42])([H:11])[N:21]([H:22])[H:23],37.20018253946861
[F:1][C@:5]([C@:4]([H:3])([N:31]([H:32])[H:33])[C:41]([H:42])([H:43])[H:44])([N+:11]([O-:12])[O:13])[C:21]([H:22])([H:23])[H:24].[H-:2]>>[F-:1].[H:2][C@@:5]([C@:4]([H:3])([N:31]([H:32])[H:33])[C:41]([H:42])([H:43])[H:44])([N+:11]([O-:12])[O:13])[C:21]([H:22])([H:23])[H:24],12.34396976273539
[Cl-:2].[F:1][C@:5]([C@:4]([H:3])([C:31]([H:32])([H:33])[H:34])[C:41]#[N:42])([N:11]([H:12])[H:13])[H:21]>>[Cl:2][C@@:5]([C@:4]([H:3])([C:31]([H:32])([H:33])[H:34])[C:41]#[N:42])([N:11]([H:12])[H:13])[H:21].[F-:1],47.29776069264281
[Br:1][C@:5]([C@:4]([H:3])([C:31]([H:32])([H:33])[H:34])[C:41]#[N:42])([N:11]([H:12])[H:13])[H:21].[H-:2]>>[Br-:1].[H:2][C:5]([C@:4]([H:3])([C:31]([H:32])([H:33])[H:34])[C:41]#[N:42])([N:11]([H:12])[H:13])[H:21],12.297782157677307
[Cl:1][C@:5]([C:4]([H:3])([C:31]#[N:32])[H:41])([C:11]([H:12])([H:13])[H:14])[N+:21]([O-:22])[O:23].[F-:2]>>[Cl-:1].[F:2][C@@:5]([C:4]([H:3])([C:31]#[N:32])[H:41])([C:11]([H:12])([H:13])[H:14])[N+:21]([O-:22])[O:23],16.275222490763518
[F-:2].[F:1][C@:5]([C@:4]([H:3])([C:31]([H:32])([H:33])[H:34])[N:41]([H:42])[H:43])([N:11]([H:12])[H:13])[H:21]>>[F-:1].[F:2][C@@:5]([C@:4]([H:3])([C:31]([H:32])([H:33])[H:34])[N:41]([H:42])[H:43])([N:11]([H:12])[H:13])[H:21],43.442280075828045
[Br:1][C@:5]([C@:4]([H:3])([N:31]([H:32])[H:33])[C:41]#[N:42])([C:11]#[N:12])[H:21].[Cl-:2]>>[Br-:1].[Cl:2][C@@:5]([C@:4]([H:3])([N:31]([H:32])[H:33])[C:41]#[N:42])([C:11]#[N:12])[H:21],24.44396891455748
[F-:2].[F:1][C@:5]([C@:4]([H:3])([C:31]([H:32])([H:33])[H:34])[N+:41]([O-:42])[O:43])([H:11])[C:21]#[N:22]>>[F-:1].[F:2][C@@:5]([C@:4]([H:3])([C:31]([H:32])([H:33])[H:34])[N+:41]([O-:42])[O:43])([H:11])[C:21]#[N:22],19.41862739104057
[Br:1][C@:5]([C:4]([H:3])([H:31])[C:41]#[N:42])([H:11])[N+:21]([O-:22])[O:23].[Cl-:2]>>[Br-:1].[Cl:2][C@@:5]([C:4]([H:3])([H:31])[C:41]#[N:42])([H:11])[N+:21]([O-:22])[O:23],17.35758516205458
[Cl-:2].[F:1][C@:5]([C@:4]([H:3])([N+:31]([O-:32])[O:33])[C:41]([H:42])([H:43])[H:44])([C:11]#[N:12])[N:21]([H:22])[H:23]>>[Cl:2][C@@:5]([C@:4]([H:3])([N+:31]([O-:32])[O:33])[C:41]([H:42])([H:43])[H:44])([C:11]#[N:12])[N:21]([H:22])[H:23].[F-:1],45.36057918547686
[Cl:1][C@:5]([C@:4]([H:3])([N+:31]([O-:32])[O:33])[N:41]([H:42])[H:43])([C:11]([H:12])([H:13])[H:14])[H:21].[H-:2]>>[Cl-:1].[H:2][C:5]([C@:4]([H:3])([N+:31]([O-:32])[O:33])[N:41]([H:42])[H:43])([C:11]([H:12])([H:13])[H:14])[H:21],15.638579737471709
[F-:2].[F:1][C@:5]([C:4]([H:3])([C:31]#[N:32])[H:41])([C:11]#[N:12])[H:21]>>[F-:1].[F:2][C@@:5]([C:4]([H:3])([C:31]#[N:32])[H:41])([C:11]#[N:12])[H:21],14.527618676202117
[F:1][C@:5]([C@:4]([H:3])([N:31]([H:32])[H:33])[N+:41]([O-:42])[O:43])([N+:11]([O-:12])[O:13])[H:21].[H-:2]>>[F-:1].[H:2][C:5]([C@:4]([H:3])([N:31]([H:32])[H:33])[N+:41]([O-:42])[O:43])([N+:11]([O-:12])[O:13])[H:21],18.142052222155485
[Br-:2].[Cl:1][C@:5]([C@:4]([H:3])([C:31]([H:32])([H:33])[H:34])[N:41]([H:42])[H:43])([H:11])[C:21]#[N:22]>>[Br:2][C@@:5]([C@:4]([H:3])([C:31]([H:32])([H:33])[H:34])[N:41]([H:42])[H:43])([H:11])[C:21]#[N:22].[Cl-:1],31.090882502741
[Cl-:2].[F:1][C@:5]([C@:4]([H:3])([C:31]([H:32])([H:33])[H:34])[C:41]#[N:42])([H:11])[N:21]([H:22])[H:23]>>[Cl:2][C@@:5]([C@:4]([H:3])([C:31]([H:32])([H:33])[H:34])[C:41]#[N:42])([H:11])[N:21]([H:22])[H:23].[F-:1],53.44176612495338
[Br-:2].[Cl:1][C@:5]([C:4]([H:3])([H:31])[N:41]([H:42])[H:43])([C:11]([H:12])([H:13])[H:14])[H:21]>>[Br:2][C@@:5]([C:4]([H:3])([H:31])[N:41]([H:42])[H:43])([C:11]([H:12])([H:13])[H:14])[H:21].[Cl-:1],32.463713501755855
[Cl:1][C@:5]([C:4]([H:3])([N:31]([H:32])[H:33])[N:41]([H:42])[H:43])([C:11]([H:12])([H:13])[H:14])[N:21]([H:22])[H:23].[H-:2]>>[Cl-:1].[H:2][C@@:5]([C:4]([H:3])([N:31]([H:32])[H:33])[N:41]([H:42])[H:43])([C:11]([H:12])([H:13])[H:14])[N:21]([H:22])[H:23],28.853484006141056
[F-:2].[F:1][C@:5]([C@:4]([H:3])([C:31]([H:32])([H:33])[H:34])[N:41]([H:42])[H:43])([C:11]#[N:12])[N:21]([H:22])[H:23]>>[F-:1].[F:2][C@@:5]([C@:4]([H:3])([C:31]([H:32])([H:33])[H:34])[N:41]([H:42])[H:43])([C:11]#[N:12])[N:21]([H:22])[H:23],40.874188332462886
[Cl:1][C@:5]([C@:4]([H:3])([N:31]([H:32])[H:33])[C:41]([H:42])([H:43])[H:44])([C:11]#[N:12])[H:21].[F-:2]>>[Cl-:1].[F:2][C@@:5]([C@:4]([H:3])([N:31]([H:32])[H:33])[C:41]([H:42])([H:43])[H:44])([C:11]#[N:12])[H:21],21.02470162679757
[F:1][C@:5]([C:4]([H:3])([C:31]#[N:32])[H:41])([C:11]#[N:12])[N:21]([H:22])[H:23].[H-:2]>>[F-:1].[H:2][C@@:5]([C:4]([H:3])([C:31]#[N:32])[H:41])([C:11]#[N:12])[N:21]([H:22])[H:23],18.36667397275349
[F-:2].[F:1][C:5]([C@:4]([H:3])([N:31]([H:32])[H:33])[C:41]([H:42])([H:43])[H:44])([N:11]([H:12])[H:13])[N:21]([H:22])[H:23]>>[F-:1].[F:2][C:5]([C@:4]([H:3])([N:31]([H:32])[H:33])[C:41]([H:42])([H:43])[H:44])([N:11]([H:12])[H:13])[N:21]([H:22])[H:23],44.67236919535113
[F:1][C@:5]([C@:4]([H:3])([C:31]([H:32])([H:33])[H:34])[N+:41]([O-:42])[O:43])([C:11]#[N:12])[H:21].[H-:2]>>[F-:1].[H:2][C:5]([C@:4]([H:3])([C:31]([H:32])([H:33])[H:34])[N+:41]([O-:42])[O:43])([C:11]#[N:12])[H:21],8.961569631148324
[Cl-:2].[F:1][C@:5]([C:4]([H:3])([C:31]([H:32])([H:33])[H:34])[C:41]([H:42])([H:43])[H:44])([N+:11]([O-:12])[O:13])[N:21]([H:22])[H:23]>>[Cl:2][C@@:5]([C:4]([H:3])([C:31]([H:32])([H:33])[H:34])[C:41]([H:42])([H:43])[H:44])([N+:11]([O-:12])[O:13])[N:21]([H:22])[H:23].[F-:1],54.17108301800952
[Cl:1][C@:5]([C@:4]([H:3])([N+:31]([O-:32])[O:33])[C:41]([H:42])([H:43])[H:44])([C:11]([H:12])([H:13])[H:14])[N:21]([H:22])[H:23].[H-:2]>>[Cl-:1].[H:2][C@@:5]([C@:4]([H:3])([N+:31]([O-:32])[O:33])[C:41]([H:42])([H:43])[H:44])([C:11]([H:12])([H:13])[H:14])[N:21]([H:22])[H:23],33.4326943459235
[Cl:1][C@:5]([C:4]([H:3])([C:31]#[N:32])[H:41])([C:11]#[N:12])[H:21].[F-:2]>>[Cl-:1].[F:2][C@@:5]([C:4]([H:3])([C:31]#[N:32])[H:41])([C:11]#[N:12])[H:21],8.705968693524927
[F-:2].[F:1][C:5]([C@:4]([H:3])([C:31]([H:32])([H:33])[H:34])[N:41]([H:42])[H:43])([N:11]([H:12])[H:13])[N:21]([H:22])[H:23]>>[F-:1].[F:2][C:5]([C@:4]([H:3])([C:31]([H:32])([H:33])[H:34])[N:41]([H:42])[H:43])([N:11]([H:12])[H:13])[N:21]([H:22])[H:23],54.25364403532653
[Cl:1][C@:5]([C@:4]([H:3])([C:31]([H:32])([H:33])[H:34])[C:41]#[N:42])([N+:11]([O-:12])[O:13])[N:21]([H:22])[H:23].[H-:2]>>[Cl-:1].[H:2][C@@:5]([C@:4]([H:3])([C:31]([H:32])([H:33])[H:34])[C:41]#[N:42])([N+:11]([O-:12])[O:13])[N:21]([H:22])[H:23],13.427782674143756
[F:1][C@:5]([C:4]([H:3])([H:31])[N:41]([H:42])[H:43])([C:11]#[N:12])[N:21]([H:22])[H:23].[H-:2]>>[F-:1].[H:2][C@@:5]([C:4]([H:3])([H:31])[N:41]([H:42])[H:43])([C:11]#[N:12])[N:21]([H:22])[H:23],29.394255326067192
[Br-:2].[Cl:1][C:5]([C:4]([H:3])([H:31])[N+:41]([O-:42])[O:43])([C:11]([H:12])([H:13])[H:14])[C:21]([H:22])([H:23])[H:24]>>[Br:2][C:5]([C:4]([H:3])([H:31])[N+:41]([O-:42])[O:43])([C:11]([H:12])([H:13])[H:14])[C:21]([H:22])([H:23])[H:24].[Cl-:1],42.401317741154
[F:1][C:5]([C:4]([H:3])([H:31])[C:41]#[N:42])([H:11])[H:21].[H-:2]>>[F-:1].[H:2][C:5]([C:4]([H:3])([H:31])[C:41]#[N:42])([H:11])[H:21],16.22278392883652
[Br-:2].[Br:1][C@:5]([C:4]([H:3])([H:31])[C:41]([H:42])([H:43])[H:44])([H:11])[N+:21]([O-:22])[O:23]>>[Br-:1].[Br:2][C@@:5]([C:4]([H:3])([H:31])[C:41]([H:42])([H:43])[H:44])([H:11])[N+:21]([O-:22])[O:23],20.24574664907616
[Cl-:2].[F:1][C:5]([C@:4]([H:3])([C:31]([H:32])([H:33])[H:34])[N:41]([H:42])[H:43])([C:11]([H:12])([H:13])[H:14])[C:21]([H:22])([H:23])[H:24]>>[Cl:2][C:5]([C@:4]([H:3])([C:31]([H:32])([H:33])[H:34])[N:41]([H:42])[H:43])([C:11]([H:12])([H:13])[H:14])[C:21]([H:22])([H:23])[H:24].[F-:1],56.48249182613839
[Br:1][C:5]([C:4]([H:3])([H:31])[H:41])([H:11])[C:21]([H:22])([H:23])[H:24].[Cl-:2]>>[Br-:1].[Cl:2][C:5]([C:4]([H:3])([H:31])[H:41])([H:11])[C:21]([H:22])([H:23])[H:24],15.769421386076855
[Br-:2].[Br:1][C@:5]([C:4]([H:3])([N:31]([H:32])[H:33])[H:41])([H:11])[C:21]#[N:22]>>[Br-:1].[Br:2][C@@:5]([C:4]([H:3])([N:31]([H:32])[H:33])[H:41])([H:11])[C:21]#[N:22],22.66307115452287
[Cl-:2].[Cl:1][C@:5]([C@:4]([H:3])([N+:31]([O-:32])[O:33])[N:41]([H:42])[H:43])([C:11]([H:12])([H:13])[H:14])[C:21]#[N:22]>>[Cl-:1].[Cl:2][C@@:5]([C@:4]([H:3])([N+:31]([O-:32])[O:33])[N:41]([H:42])[H:43])([C:11]([H:12])([H:13])[H:14])[C:21]#[N:22],36.06679181725713
[Cl-:2].[Cl:1][C@:5]([C@:4]([H:3])([N+:31]([O-:32])[O:33])[N:41]([H:42])[H:43])([C:11]#[N:12])[H:21]>>[Cl-:1].[Cl:2][C@@:5]([C@:4]([H:3])([N+:31]([O-:32])[O:33])[N:41]([H:42])[H:43])([C:11]#[N:12])[H:21],21.951403462966297
[Br:1][C:5]([C@:4]([H:3])([C:31]([H:32])([H:33])[H:34])[N+:41]([O-:42])[O:43])([C:11]([H:12])([H:13])[H:14])[C:21]([H:22])([H:23])[H:24].[H-:2]>>[Br-:1].[H:2][C:5]([C@:4]([H:3])([C:31]([H:32])([H:33])[H:34])[N+:41]([O-:42])[O:43])([C:11]([H:12])([H:13])[H:14])[C:21]([H:22])([H:23])[H:24],18.81630731128725
[Br-:2].[F:1][C@:5]([C:4]([H:3])([H:31])[N:41]([H:42])[H:43])([C:11]([H:12])([H:13])[H:14])[C:21]#[N:22]>>[Br:2][C@@:5]([C:4]([H:3])([H:31])[N:41]([H:42])[H:43])([C:11]([H:12])([H:13])[H:14])[C:21]#[N:22].[F-:1],45.32819031075808
[Cl:1][C:5]([C:4]([H:3])([H:31])[C:41]#[N:42])([C:11]#[N:12])[C:21]#[N:22].[F-:2]>>[Cl-:1].[F:2][C:5]([C:4]([H:3])([H:31])[C:41]#[N:42])([C:11]#[N:12])[C:21]#[N:22],7.180463913764122
[Cl-:2].[Cl:1][C@:5]([C:4]([H:3])([C:31]#[N:32])[H:41])([C:11]([H:12])([H:13])[H:14])[N+:21]([O-:22])[O:23]>>[Cl-:1].[Cl:2][C@@:5]([C:4]([H:3])([C:31]#[N:32])[H:41])([C:11]([H:12])([H:13])[H:14])[N+:21]([O-:22])[O:23],29.44317051099315
[Cl:1][C@:5]([C@:4]([H:3])([N:31]([H:32])[H:33])[N+:41]([O-:42])[O:43])([C:11]#[N:12])[H:21].[F-:2]>>[Cl-:1].[F:2][C@@:5]([C@:4]([H:3])([N:31]([H:32])[H:33])[N+:41]([O-:42])[O:43])([C:11]#[N:12])[H:21],25.03177633169548
[F-:2].[F:1][C@:5]([C:4]([H:3])([H:31])[C:41]#[N:42])([N:11]([H:12])[H:13])[C:21]#[N:22]>>[F-:1].[F:2][C@@:5]([C:4]([H:3])([H:31])[C:41]#[N:42])([N:11]([H:12])[H:13])[C:21]#[N:22],29.052328943425003
[Br:1][C@:5]([C:4]([H:3])([C:31]#[N:32])[C:41]#[N:42])([C:11]#[N:12])[H:21].[Cl-:2]>>[Br-:1].[Cl:2][C@@:5]([C:4]([H:3])([C:31]#[N:32])[C:41]#[N:42])([C:11]#[N:12])[H:21],19.55990590281208
[Br:1][C@:5]([C:4]([H:3])([H:31])[N:41]([H:42])[H:43])([C:11]([H:12])([H:13])[H:14])[H:21].[Cl-:2]>>[Br-:1].[Cl:2][C@@:5]([C:4]([H:3])([H:31])[N:41]([H:42])[H:43])([C:11]([H:12])([H:13])[H:14])[H:21],28.40919467473048
[Cl-:2].[F:1][C:5]([C:4]([H:3])([H:31])[N+:41]([O-:42])[O:43])([C:11]#[N:12])[C:21]#[N:22]>>[Cl:2][C:5]([C:4]([H:3])([H:31])[N+:41]([O-:42])[O:43])([C:11]#[N:12])[C:21]#[N:22].[F-:1],29.770087496910552
[Br-:2].[Cl:1][C@:5]([C:4]([H:3])([H:31])[H:41])([N+:11]([O-:12])[O:13])[H:21]>>[Br:2][C@@:5]([C:4]([H:3])([H:31])[H:41])([N+:11]([O-:12])[O:13])[H:21].[Cl-:1],25.227643011477927
[F:1][C@:5]([C@:4]([H:3])([C:31]#[N:32])[N:41]([H:42])[H:43])([H:11])[N:21]([H:22])[H:23].[H-:2]>>[F-:1].[H:2][C:5]([C@:4]([H:3])([C:31]#[N:32])[N:41]([H:42])[H:43])([H:11])[N:21]([H:22])[H:23],32.25148537112
[F:1][C@:5]([C@:4]([H:3])([C:31]#[N:32])[C:41]([H:42])([H:43])[H:44])([H:11])[N:21]([H:22])[H:23].[H-:2]>>[F-:1].[H:2][C:5]([C@:4]([H:3])([C:31]#[N:32])[C:41]([H:42])([H:43])[H:44])([H:11])[N:21]([H:22])[H:23],25.97053943721253
[Cl-:2].[Cl:1][C@:5]([C:4]([H:3])([C:31]#[N:32])[C:41]#[N:42])([H:11])[C:21]#[N:22]>>[Cl-:1].[Cl:2][C@@:5]([C:4]([H:3])([C:31]#[N:32])[C:41]#[N:42])([H:11])[C:21]#[N:22],23.65762998512274
[F-:2].[F:1][C@:5]([C:4]([H:3])([C:31]#[N:32])[C:41]#[N:42])([C:11]([H:12])([H:13])[H:14])[H:21]>>[F-:1].[F:2][C@@:5]([C:4]([H:3])([C:31]#[N:32])[C:41]#[N:42])([C:11]([H:12])([H:13])[H:14])[H:21],13.545652962106493
[F:1][C:5]([C:4]([H:3])([H:31])[H:41])([C:11]([H:12])([H:13])[H:14])[N+:21]([O-:22])[O:23].[H-:2]>>[F-:1].[H:2][C:5]([C:4]([H:3])([H:31])[H:41])([C:11]([H:12])([H:13])[H:14])[N+:21]([O-:22])[O:23],8.248093192489392
[F:1][C@:5]([C@:4]([H:3])([C:31]([H:32])([H:33])[H:34])[C:41]#[N:42])([N:11]([H:12])[H:13])[N+:21]([O-:22])[O:23].[H-:2]>>[F-:1].[H:2][C@@:5]([C@:4]([H:3])([C:31]([H:32])([H:33])[H:34])[C:41]#[N:42])([N:11]([H:12])[H:13])[N+:21]([O-:22])[O:23],17.893375970831016
[Br:1][C@:5]([C@:4]([H:3])([N:31]([H:32])[H:33])[C:41]#[N:42])([H:11])[C:21]([H:22])([H:23])[H:24].[H-:2]>>[Br-:1].[H:2][C:5]([C@:4]([H:3])([N:31]([H:32])[H:33])[C:41]#[N:42])([H:11])[C:21]([H:22])([H:23])[H:24],12.061926094711708
[F:1][C@:5]([C@:4]([H:3])([N:31]([H:32])[H:33])[C:41]([H:42])([H:43])[H:44])([C:11]([H:12])([H:13])[H:14])[H:21].[H-:2]>>[F-:1].[H:2][C:5]([C@:4]([H:3])([N:31]([H:32])[H:33])[C:41]([H:42])([H:43])[H:44])([C:11]([H:12])([H:13])[H:14])[H:21],24.34047887952003
[Cl:1][C@:5]([C@:4]([H:3])([C:31]([H:32])([H:33])[H:34])[C:41]#[N:42])([N:11]([H:12])[H:13])[H:21].[F-:2]>>[Cl-:1].[F:2][C@@:5]([C@:4]([H:3])([C:31]([H:32])([H:33])[H:34])[C:41]#[N:42])([N:11]([H:12])[H:13])[H:21],20.71659773286304
[Br-:2].[F:1][C:5]([C@:4]([H:3])([N+:31]([O-:32])[O:33])[N:41]([H:42])[H:43])([C:11]([H:12])([H:13])[H:14])[C:21]([H:22])([H:23])[H:24]>>[Br:2][C:5]([C@:4]([H:3])([N+:31]([O-:32])[O:33])[N:41]([H:42])[H:43])([C:11]([H:12])([H:13])[H:14])[C:21]([H:22])([H:23])[H:24].[F-:1],52.66421710251888
[Cl:1][C@:5]([C:4]([H:3])([C:31]#[N:32])[C:41]#[N:42])([N:11]([H:12])[H:13])[N+:21]([O-:22])[O:23].[F-:2]>>[Cl-:1].[F:2][C@@:5]([C:4]([H:3])([C:31]#[N:32])[C:41]#[N:42])([N:11]([H:12])[H:13])[N+:21]([O-:22])[O:23],26.36049903288726
[Cl:1][C@:5]([C@:4]([H:3])([C:31]#[N:32])[N+:41]([O-:42])[O:43])([C:11]([H:12])([H:13])[H:14])[H:21].[F-:2]>>[Cl-:1].[F:2][C@@:5]([C@:4]([H:3])([C:31]#[N:32])[N+:41]([O-:42])[O:43])([C:11]([H:12])([H:13])[H:14])[H:21],19.4927188024527
[Br:1][C@:5]([C:4]([H:3])([N:31]([H:32])[H:33])[N:41]([H:42])[H:43])([N:11]([H:12])[H:13])[C:21]#[N:22].[F-:2]>>[Br-:1].[F:2][C@@:5]([C:4]([H:3])([N:31]([H:32])[H:33])[N:41]([H:42])[H:43])([N:11]([H:12])[H:13])[C:21]#[N:22],29.235479062271377
[Br-:2].[F:1][C:5]([C@:4]([H:3])([N:31]([H:32])[H:33])[C:41]([H:42])([H:43])[H:44])([H:11])[H:21]>>[Br:2][C:5]([C@:4]([H:3])([N:31]([H:32])[H:33])[C:41]([H:42])([H:43])[H:44])([H:11])[H:21].[F-:1],52.01826775716268
[F-:2].[F:1][C@:5]([C@:4]([H:3])([C:31]([H:32])([H:33])[H:34])[N+:41]([O-:42])[O:43])([H:11])[N:21]([H:22])[H:23]>>[F-:1].[F:2][C@@:5]([C@:4]([H:3])([C:31]([H:32])([H:33])[H:34])[N+:41]([O-:42])[O:43])([H:11])[N:21]([H:22])[H:23],34.73130391601275
[Cl-:2].[F:1][C@:5]([C@:4]([H:3])([C:31]#[N:32])[C:41]([H:42])([H:43])[H:44])([H:11])[N+:21]([O-:22])[O:23]>>[Cl:2][C@@:5]([C@:4]([H:3])([C:31]#[N:32])[C:41]([H:42])([H:43])[H:44])([H:11])[N+:21]([O-:22])[O:23].[F-:1],33.710639004275194
[F-:2].[F:1][C:5]([C:4]([H:3])([N:31]([H:32])[H:33])[N:41]([H:42])[H:43])([C:11]([H:12])([H:13])[H:14])[C:21]([H:22])([H:23])[H:24]>>[F-:1].[F:2][C:5]([C:4]([H:3])([N:31]([H:32])[H:33])[N:41]([H:42])[H:43])([C:11]([H:12])([H:13])[H:14])[C:21]([H:22])([H:23])[H:24],38.83190205801527
[F:1][C@:5]([C:4]([H:3])([N:31]([H:32])[H:33])[N:41]([H:42])[H:43])([H:11])[C:21]#[N:22].[H-:2]>>[F-:1].[H:2][C:5]([C:4]([H:3])([N:31]([H:32])[H:33])[N:41]([H:42])[H:43])([H:11])[C:21]#[N:22],15.114851084559165
[Br:1][C@:5]([C@:4]([H:3])([C:31]#[N:32])[N:41]([H:42])[H:43])([H:11])[N:21]([H:22])[H:23].[F-:2]>>[Br-:1].[F:2][C@@:5]([C@:4]([H:3])([C:31]#[N:32])[N:41]([H:42])[H:43])([H:11])[N:21]([H:22])[H:23],17.204794621846975
[Cl-:2].[Cl:1][C:5]([C:4]([H:3])([N:31]([H:32])[H:33])[N:41]([H:42])[H:43])([H:11])[H:21]>>[Cl-:1].[Cl:2][C:5]([C:4]([H:3])([N:31]([H:32])[H:33])[N:41]([H:42])[H:43])([H:11])[H:21],35.9221110723034
[F-:2].[F:1][C@:5]([C@:4]([H:3])([C:31]#[N:32])[N+:41]([O-:42])[O:43])([N:11]([H:12])[H:13])[C:21]([H:22])([H:23])[H:24]>>[F-:1].[F:2][C@@:5]([C@:4]([H:3])([C:31]#[N:32])[N+:41]([O-:42])[O:43])([N:11]([H:12])[H:13])[C:21]([H:22])([H:23])[H:24],40.08012632038193
[Cl:1][C@:5]([C:4]([H:3])([H:31])[C:41]#[N:42])([N+:11]([O-:12])[O:13])[C:21]#[N:22].[F-:2]>>[Cl-:1].[F:2][C@@:5]([C:4]([H:3])([H:31])[C:41]#[N:42])([N+:11]([O-:12])[O:13])[C:21]#[N:22],8.783116062305925
[F-:2].[F:1][C@:5]([C@:4]([H:3])([C:31]([H:32])([H:33])[H:34])[N:41]([H:42])[H:43])([H:11])[N:21]([H:22])[H:23]>>[F-:1].[F:2][C@@:5]([C@:4]([H:3])([C:31]([H:32])([H:33])[H:34])[N:41]([H:42])[H:43])([H:11])[N:21]([H:22])[H:23],45.316502342851926
[Br:1][C@:5]([C@:4]([H:3])([N:31]([H:32])[H:33])[C:41]#[N:42])([C:11]#[N:12])[N:21]([H:22])[H:23].[H-:2]>>[Br-:1].[H:2][C@@:5]([C@:4]([H:3])([N:31]([H:32])[H:33])[C:41]#[N:42])([C:11]#[N:12])[N:21]([H:22])[H:23],9.00131596459397
[Br-:2].[Cl:1][C@:5]([C:4]([H:3])([H:31])[H:41])([C:11]#[N:12])[N+:21]([O-:22])[O:23]>>[Br:2][C@@:5]([C:4]([H:3])([H:31])[H:41])([C:11]#[N:12])[N+:21]([O-:22])[O:23].[Cl-:1],21.61767813283604
[F:1][C:5]([C:4]([H:3])([C:31]([H:32])([H:33])[H:34])[H:41])([H:11])[H:21].[H-:2]>>[F-:1].[H:2][C:5]([C:4]([H:3])([C:31]([H:32])([H:33])[H:34])[H:41])([H:11])[H:21],15.67960419885828
[Cl-:2].[F:1][C:5]([C@:4]([H:3])([N+:31]([O-:32])[O:33])[N:41]([H:42])[H:43])([C:11]([H:12])([H:13])[H:14])[C:21]([H:22])([H:23])[H:24]>>[Cl:2][C:5]([C@:4]([H:3])([N+:31]([O-:32])[O:33])[N:41]([H:42])[H:43])([C:11]([H:12])([H:13])[H:14])[C:21]([H:22])([H:23])[H:24].[F-:1],52.397824137254894
[Cl:1][C@:5]([C:4]([H:3])([N+:31]([O-:32])[O:33])[H:41])([N:11]([H:12])[H:13])[H:21].[H-:2]>>[Cl-:1].[H:2][C:5]([C:4]([H:3])([N+:31]([O-:32])[O:33])[H:41])([N:11]([H:12])[H:13])[H:21],15.373213211055983
[F:1][C@:5]([C:4]([H:3])([N:31]([H:32])[H:33])[H:41])([C:11]#[N:12])[N:21]([H:22])[H:23].[H-:2]>>[F-:1].[H:2][C@@:5]([C:4]([H:3])([N:31]([H:32])[H:33])[H:41])([C:11]#[N:12])[N:21]([H:22])[H:23],16.442736367116858
[Cl-:2].[F:1][C@:5]([C:4]([H:3])([N+:31]([O-:32])[O:33])[H:41])([N:11]([H:12])[H:13])[H:21]>>[Cl:2][C@@:5]([C:4]([H:3])([N+:31]([O-:32])[O:33])[H:41])([N:11]([H:12])[H:13])[H:21].[F-:1],46.89598570598242
[F-:2].[F:1][C@:5]([C:4]([H:3])([N+:31]([O-:32])[O:33])[H:41])([H:11])[C:21]#[N:22]>>[F-:1].[F:2][C@@:5]([C:4]([H:3])([N+:31]([O-:32])[O:33])[H:41])([H:11])[C:21]#[N:22],16.219338716634386
[F:1][C@:5]([C@:4]([H:3])([N:31]([H:32])[H:33])[C:41]#[N:42])([C:11]#[N:12])[C:21]([H:22])([H:23])[H:24].[H-:2]>>[F-:1].[H:2][C@@:5]([C@:4]([H:3])([N:31]([H:32])[H:33])[C:41]#[N:42])([C:11]#[N:12])[C:21]([H:22])([H:23])[H:24],15.11884573374536
[F-:2].[F:1][C@:5]([C@:4]([H:3])([N:31]([H:32])[H:33])[C:41]#[N:42])([C:11]#[N:12])[N:21]([H:22])[H:23]>>[F-:1].[F:2][C@@:5]([C@:4]([H:3])([N:31]([H:32])[H:33])[C:41]#[N:42])([C:11]#[N:12])[N:21]([H:22])[H:23],29.6859171146622
[Cl-:2].[F:1][C@:5]([C@:4]([H:3])([C:31]([H:32])([H:33])[H:34])[N:41]([H:42])[H:43])([C:11]([H:12])([H:13])[H:14])[C:21]#[N:22]>>[Cl:2][C@@:5]([C@:4]([H:3])([C:31]([H:32])([H:33])[H:34])[N:41]([H:42])[H:43])([C:11]([H:12])([H:13])[H:14])[C:21]#[N:22].[F-:1],45.54744761368263
[Br:1][C@:5]([C:4]([H:3])([N+:31]([O-:32])[O:33])[N+:41]([O-:42])[O:43])([H:11])[N:21]([H:22])[H:23].[H-:2]>>[Br-:1].[H:2][C:5]([C:4]([H:3])([N+:31]([O-:32])[O:33])[N+:41]([O-:42])[O:43])([H:11])[N:21]([H:22])[H:23],9.78725276440148
[Cl:1][C@:5]([C:4]([H:3])([C:31]([H:32])([H:33])[H:34])[C:41]([H:42])([H:43])[H:44])([C:11]#[N:12])[H:21].[F-:2]>>[Cl-:1].[F:2][C@@:5]([C:4]([H:3])([C:31]([H:32])([H:33])[H:34])[C:41]([H:42])([H:43])[H:44])([C:11]#[N:12])[H:21],9.897268799692135
[Cl:1][C:5]([C:4]([H:3])([N+:31]([O-:32])[O:33])[N+:41]([O-:42])[O:43])([N:11]([H:12])[H:13])[N:21]([H:22])[H:23].[F-:2]>>[Cl-:1].[F:2][C:5]([C:4]([H:3])([N+:31]([O-:32])[O:33])[N+:41]([O-:42])[O:43])([N:11]([H:12])[H:13])[N:21]([H:22])[H:23],24.240205355080047
[F-:2].[F:1][C@:5]([C:4]([H:3])([H:31])[C:41]([H:42])([H:43])[H:44])([C:11]#[N:12])[C:21]([H:22])([H:23])[H:24]>>[F-:1].[F:2][C@@:5]([C:4]([H:3])([H:31])[C:41]([H:42])([H:43])[H:44])([C:11]#[N:12])[C:21]([H:22])([H:23])[H:24],20.633718433813847
[Br:1][C:5]([C@:4]([H:3])([C:31]#[N:32])[C:41]([H:42])([H:43])[H:44])([H:11])[H:21].[Cl-:2]>>[Br-:1].[Cl:2][C:5]([C@:4]([H:3])([C:31]#[N:32])[C:41]([H:42])([H:43])[H:44])([H:11])[H:21],18.39987516523383
[F-:2].[F:1][C@:5]([C:4]([H:3])([C:31]#[N:32])[C:41]#[N:42])([N:11]([H:12])[H:13])[H:21]>>[F-:1].[F:2][C@@:5]([C:4]([H:3])([C:31]#[N:32])[C:41]#[N:42])([N:11]([H:12])[H:13])[H:21],31.04421438628006
[Br:1][C:5]([C@:4]([H:3])([N:31]([H:32])[H:33])[C:41]#[N:42])([C:11]([H:12])([H:13])[H:14])[C:21]([H:22])([H:23])[H:24].[Cl-:2]>>[Br-:1].[Cl:2][C:5]([C@:4]([H:3])([N:31]([H:32])[H:33])[C:41]#[N:42])([C:11]([H:12])([H:13])[H:14])[C:21]([H:22])([H:23])[H:24],41.15175718466677
[Cl-:2].[F:1][C@:5]([C@:4]([H:3])([C:31]#[N:32])[N:41]([H:42])[H:43])([N+:11]([O-:12])[O:13])[C:21]#[N:22]>>[Cl:2][C@@:5]([C@:4]([H:3])([C:31]#[N:32])[N:41]([H:42])[H:43])([N+:11]([O-:12])[O:13])[C:21]#[N:22].[F-:1],33.80479883277605
[F:1][C@:5]([C@:4]([H:3])([N:31]([H:32])[H:33])[C:41]([H:42])([H:43])[H:44])([C:11]#[N:12])[C:21]([H:22])([H:23])[H:24].[H-:2]>>[F-:1].[H:2][C@@:5]([C@:4]([H:3])([N:31]([H:32])[H:33])[C:41]([H:42])([H:43])[H:44])([C:11]#[N:12])[C:21]([H:22])([H:23])[H:24],19.99597386922489
[Cl:1][C@:5]([C:4]([H:3])([H:31])[C:41]([H:42])([H:43])[H:44])([C:11]#[N:12])[H:21].[F-:2]>>[Cl-:1].[F:2][C@@:5]([C:4]([H:3])([H:31])[C:41]([H:42])([H:43])[H:44])([C:11]#[N:12])[H:21],5.677621508431223
[Br:1][C@:5]([C:4]([H:3])([N+:31]([O-:32])[O:33])[N+:41]([O-:42])[O:43])([C:11]([H:12])([H:13])[H:14])[H:21].[H-:2]>>[Br-:1].[H:2][C:5]([C:4]([H:3])([N+:31]([O-:32])[O:33])[N+:41]([O-:42])[O:43])([C:11]([H:12])([H:13])[H:14])[H:21],12.326487001647608
[Cl-:2].[F:1][C@:5]([C:4]([H:3])([H:31])[H:41])([N+:11]([O-:12])[O:13])[N:21]([H:22])[H:23]>>[Cl:2][C@@:5]([C:4]([H:3])([H:31])[H:41])([N+:11]([O-:12])[O:13])[N:21]([H:22])[H:23].[F-:1],48.33996100228463
[Br-:2].[Cl:1][C@:5]([C@:4]([H:3])([C:31]([H:32])([H:33])[H:34])[N:41]([H:42])[H:43])([H:11])[N+:21]([O-:22])[O:23]>>[Br:2][C@@:5]([C@:4]([H:3])([C:31]([H:32])([H:33])[H:34])[N:41]([H:42])[H:43])([H:11])[N+:21]([O-:22])[O:23].[Cl-:1],38.43487737938205
[Br-:2].[Br:1][C:5]([C:4]([H:3])([N:31]([H:32])[H:33])[N:41]([H:42])[H:43])([H:11])[H:21]>>[Br-:1].[Br:2][C:5]([C:4]([H:3])([N:31]([H:32])[H:33])[N:41]([H:42])[H:43])([H:11])[H:21],33.74871693648562
[Br-:2].[Cl:1][C:5]([C:4]([H:3])([H:31])[C:41]#[N:42])([H:11])[H:21]>>[Br:2][C:5]([C:4]([H:3])([H:31])[C:41]#[N:42])([H:11])[H:21].[Cl-:1],26.78919805430096
[Cl:1][C@:5]([C:4]([H:3])([N:31]([H:32])[H:33])[N:41]([H:42])[H:43])([C:11]([H:12])([H:13])[H:14])[C:21]#[N:22].[F-:2]>>[Cl-:1].[F:2][C@@:5]([C:4]([H:3])([N:31]([H:32])[H:33])[N:41]([H:42])[H:43])([C:11]([H:12])([H:13])[H:14])[C:21]#[N:22],29.46157542190776
[F-:2].[F:1][C@:5]([C:4]([H:3])([H:31])[N+:41]([O-:42])[O:43])([C:11]#[N:12])[N+:21]([O-:22])[O:23]>>[F-:1].[F:2][C@@:5]([C:4]([H:3])([H:31])[N+:41]([O-:42])[O:43])([C:11]#[N:12])[N+:21]([O-:22])[O:23],8.844515087550905
[Br:1][C@:5]([C@:4]([H:3])([N:31]([H:32])[H:33])[C:41]#[N:42])([N:11]([H:12])[H:13])[H:21].[F-:2]>>[Br-:1].[F:2][C@@:5]([C@:4]([H:3])([N:31]([H:32])[H:33])[C:41]#[N:42])([N:11]([H:12])[H:13])[H:21],21.37537119432961
[Br:1][C@:5]([C@:4]([H:3])([C:31]#[N:32])[C:41]([H:42])([H:43])[H:44])([N:11]([H:12])[H:13])[C:21]#[N:22].[F-:2]>>[Br-:1].[F:2][C@@:5]([C@:4]([H:3])([C:31]#[N:32])[C:41]([H:42])([H:43])[H:44])([N:11]([H:12])[H:13])[C:21]#[N:22],19.361393485540173
[F-:2].[F:1][C@:5]([C:4]([H:3])([N:31]([H:32])[H:33])[H:41])([H:11])[C:21]#[N:22]>>[F-:1].[F:2][C@@:5]([C:4]([H:3])([N:31]([H:32])[H:33])[H:41])([H:11])[C:21]#[N:22],24.44439987127992
[F-:2].[F:1][C@:5]([C:4]([H:3])([H:31])[N+:41]([O-:42])[O:43])([N:11]([H:12])[H:13])[C:21]#[N:22]>>[F-:1].[F:2][C@@:5]([C:4]([H:3])([H:31])[N+:41]([O-:42])[O:43])([N:11]([H:12])[H:13])[C:21]#[N:22],28.18092346951499
[F-:2].[F:1][C:5]([C:4]([H:3])([C:31]#[N:32])[H:41])([H:11])[H:21]>>[F-:1].[F:2][C:5]([C:4]([H:3])([C:31]#[N:32])[H:41])([H:11])[H:21],18.77273426283464
[Br:1][C@:5]([C:4]([H:3])([H:31])[C:41]#[N:42])([N+:11]([O-:12])[O:13])[N:21]([H:22])[H:23].[F-:2]>>[Br-:1].[F:2][C@@:5]([C:4]([H:3])([H:31])[C:41]#[N:42])([N+:11]([O-:12])[O:13])[N:21]([H:22])[H:23],20.2759711450474
[Cl:1][C:5]([C:4]([H:3])([H:31])[C:41]#[N:42])([H:11])[H:21].[F-:2]>>[Cl-:1].[F:2][C:5]([C:4]([H:3])([H:31])[C:41]#[N:42])([H:11])[H:21],11.020611558398686
[Br:1][C@:5]([C@:4]([H:3])([N+:31]([O-:32])[O:33])[C:41]([H:42])([H:43])[H:44])([C:11]([H:12])([H:13])[H:14])[H:21].[F-:2]>>[Br-:1].[F:2][C@@:5]([C@:4]([H:3])([N+:31]([O-:32])[O:33])[C:41]([H:42])([H:43])[H:44])([C:11]([H:12])([H:13])[H:14])[H:21],1.90945137035666
[Cl:1][C@:5]([C@:4]([H:3])([C:31]#[N:32])[N:41]([H:42])[H:43])([H:11])[N:21]([H:22])[H:23].[F-:2]>>[Cl-:1].[F:2][C@@:5]([C@:4]([H:3])([C:31]#[N:32])[N:41]([H:42])[H:43])([H:11])[N:21]([H:22])[H:23],23.186612720635985
[Br-:2].[F:1][C:5]([C:4]([H:3])([N:31]([H:32])[H:33])[H:41])([C:11]([H:12])([H:13])[H:14])[C:21]([H:22])([H:23])[H:24]>>[Br:2][C:5]([C:4]([H:3])([N:31]([H:32])[H:33])[H:41])([C:11]([H:12])([H:13])[H:14])[C:21]([H:22])([H:23])[H:24].[F-:1],53.0560118817243
[F-:2].[F:1][C@:5]([C@:4]([H:3])([N+:31]([O-:32])[O:33])[N:41]([H:42])[H:43])([C:11]([H:12])([H:13])[H:14])[C:21]#[N:22]>>[F-:1].[F:2][C@@:5]([C@:4]([H:3])([N+:31]([O-:32])[O:33])[N:41]([H:42])[H:43])([C:11]([H:12])([H:13])[H:14])[C:21]#[N:22],26.56176494148671
[Br:1][C@:5]([C:4]([H:3])([C:31]#[N:32])[H:41])([C:11]#[N:12])[H:21].[Cl-:2]>>[Br-:1].[Cl:2][C@@:5]([C:4]([H:3])([C:31]#[N:32])[H:41])([C:11]#[N:12])[H:21],12.207398061638374
[Br-:2].[Cl:1][C@:5]([C@:4]([H:3])([C:31]#[N:32])[C:41]([H:42])([H:43])[H:44])([N+:11]([O-:12])[O:13])[H:21]>>[Br:2][C@@:5]([C@:4]([H:3])([C:31]#[N:32])[C:41]([H:42])([H:43])[H:44])([N+:11]([O-:12])[O:13])[H:21].[Cl-:1],16.34696644237576
[F-:2].[F:1][C@:5]([C:4]([H:3])([C:31]#[N:32])[C:41]#[N:42])([C:11]([H:12])([H:13])[H:14])[C:21]#[N:22]>>[F-:1].[F:2][C@@:5]([C:4]([H:3])([C:31]#[N:32])[C:41]#[N:42])([C:11]([H:12])([H:13])[H:14])[C:21]#[N:22],13.377662083154636
[F:1][C@:5]([C@:4]([H:3])([N:31]([H:32])[H:33])[N+:41]([O-:42])[O:43])([N:11]([H:12])[H:13])[C:21]#[N:22].[H-:2]>>[F-:1].[H:2][C@@:5]([C@:4]([H:3])([N:31]([H:32])[H:33])[N+:41]([O-:42])[O:43])([N:11]([H:12])[H:13])[C:21]#[N:22],18.12725496195325
[Cl-:2].[Cl:1][C@:5]([C@:4]([H:3])([N:31]([H:32])[H:33])[C:41]([H:42])([H:43])[H:44])([H:11])[C:21]#[N:22]>>[Cl-:1].[Cl:2][C@@:5]([C@:4]([H:3])([N:31]([H:32])[H:33])[C:41]([H:42])([H:43])[H:44])([H:11])[C:21]#[N:22],28.12181781571413
[F:1][C@:5]([C@:4]([H:3])([C:31]([H:32])([H:33])[H:34])[C:41]#[N:42])([H:11])[C:21]#[N:22].[H-:2]>>[F-:1].[H:2][C:5]([C@:4]([H:3])([C:31]([H:32])([H:33])[H:34])[C:41]#[N:42])([H:11])[C:21]#[N:22],8.255781293907242
[Br:1][C@:5]([C:4]([H:3])([N:31]([H:32])[H:33])[H:41])([N:11]([H:12])[H:13])[N+:21]([O-:22])[O:23].[F-:2]>>[Br-:1].[F:2][C@@:5]([C:4]([H:3])([N:31]([H:32])[H:33])[H:41])([N:11]([H:12])[H:13])[N+:21]([O-:22])[O:23],31.76819766288104
[Cl:1][C@:5]([C@:4]([H:3])([N:31]([H:32])[H:33])[N+:41]([O-:42])[O:43])([N:11]([H:12])[H:13])[C:21]#[N:22].[F-:2]>>[Cl-:1].[F:2][C@@:5]([C@:4]([H:3])([N:31]([H:32])[H:33])[N+:41]([O-:42])[O:43])([N:11]([H:12])[H:13])[C:21]#[N:22],27.08466360470193
[F-:2].[F:1][C@:5]([C@:4]([H:3])([N+:31]([O-:32])[O:33])[N:41]([H:42])[H:43])([N:11]([H:12])[H:13])[H:21]>>[F-:1].[F:2][C@@:5]([C@:4]([H:3])([N+:31]([O-:32])[O:33])[N:41]([H:42])[H:43])([N:11]([H:12])[H:13])[H:21],34.293565456313246
[Br:1][C@:5]([C@:4]([H:3])([N:31]([H:32])[H:33])[C:41]#[N:42])([N:11]([H:12])[H:13])[C:21]#[N:22].[H-:2]>>[Br-:1].[H:2][C@@:5]([C@:4]([H:3])([N:31]([H:32])[H:33])[C:41]#[N:42])([N:11]([H:12])[H:13])[C:21]#[N:22],10.577133567543642
[Br-:2].[Br:1][C:5]([C:4]([H:3])([H:31])[C:41]#[N:42])([C:11]([H:12])([H:13])[H:14])[C:21]([H:22])([H:23])[H:24]>>[Br-:1].[Br:2][C:5]([C:4]([H:3])([H:31])[C:41]#[N:42])([C:11]([H:12])([H:13])[H:14])[C:21]([H:22])([H:23])[H:24],37.64569798608316
[Cl-:2].[Cl:1][C@:5]([C:4]([H:3])([N:31]([H:32])[H:33])[N:41]([H:42])[H:43])([H:11])[N+:21]([O-:22])[O:23]>>[Cl-:1].[Cl:2][C@@:5]([C:4]([H:3])([N:31]([H:32])[H:33])[N:41]([H:42])[H:43])([H:11])[N+:21]([O-:22])[O:23],29.32054052999353
[Cl:1][C@:5]([C@:4]([H:3])([N+:31]([O-:32])[O:33])[C:41]#[N:42])([N:11]([H:12])[H:13])[H:21].[F-:2]>>[Cl-:1].[F:2][C@@:5]([C@:4]([H:3])([N+:31]([O-:32])[O:33])[C:41]#[N:42])([N:11]([H:12])[H:13])[H:21],23.33985275642519
[F-:2].[F:1][C@:5]([C@:4]([H:3])([N:31]([H:32])[H:33])[C:41]#[N:42])([N:11]([H:12])[H:13])[C:21]#[N:22]>>[F-:1].[F:2][C@@:5]([C@:4]([H:3])([N:31]([H:32])[H:33])[C:41]#[N:42])([N:11]([H:12])[H:13])[C:21]#[N:22],34.38931722785968
[Cl-:2].[F:1][C@:5]([C@:4]([H:3])([C:31]([H:32])([H:33])[H:34])[N:41]([H:42])[H:43])([H:11])[C:21]([H:22])([H:23])[H:24]>>[Cl:2][C@@:5]([C@:4]([H:3])([C:31]([H:32])([H:33])[H:34])[N:41]([H:42])[H:43])([H:11])[C:21]([H:22])([H:23])[H:24].[F-:1],49.09740539936819
[Cl-:2].[F:1][C@:5]([C:4]([H:3])([H:31])[N:41]([H:42])[H:43])([N+:11]([O-:12])[O:13])[H:21]>>[Cl:2][C@@:5]([C:4]([H:3])([H:31])[N:41]([H:42])[H:43])([N+:11]([O-:12])[O:13])[H:21].[F-:1],46.5002624972503
[Cl:1][C@:5]([C@:4]([H:3])([C:31]#[N:32])[C:41]([H:42])([H:43])[H:44])([N:11]([H:12])[H:13])[C:21]([H:22])([H:23])[H:24].[F-:2]>>[Cl-:1].[F:2][C@@:5]([C@:4]([H:3])([C:31]#[N:32])[C:41]([H:42])([H:43])[H:44])([N:11]([H:12])[H:13])[C:21]([H:22])([H:23])[H:24],27.6834183874192
[Cl-:2].[F:1][C:5]([C@:4]([H:3])([N:31]([H:32])[H:33])[C:41]#[N:42])([C:11]([H:12])([H:13])[H:14])[C:21]([H:22])([H:23])[H:24]>>[Cl:2][C:5]([C@:4]([H:3])([N:31]([H:32])[H:33])[C:41]#[N:42])([C:11]([H:12])([H:13])[H:14])[C:21]([H:22])([H:23])[H:24].[F-:1],55.05726803318137
[Br:1][C@:5]([C@:4]([H:3])([C:31]([H:32])([H:33])[H:34])[N:41]([H:42])[H:43])([C:11]#[N:12])[H:21].[Cl-:2]>>[Br-:1].[Cl:2][C@@:5]([C@:4]([H:3])([C:31]([H:32])([H:33])[H:34])[N:41]([H:42])[H:43])([C:11]#[N:12])[H:21],26.89113631027511
[Cl-:2].[Cl:1][C@:5]([C@:4]([H:3])([N:31]([H:32])[H:33])[N+:41]([O-:42])[O:43])([H:11])[N+:21]([O-:22])[O:23]>>[Cl-:1].[Cl:2][C@@:5]([C@:4]([H:3])([N:31]([H:32])[H:33])[N+:41]([O-:42])[O:43])([H:11])[N+:21]([O-:22])[O:23],22.578391579267468
[Cl-:2].[Cl:1][C@:5]([C@:4]([H:3])([N+:31]([O-:32])[O:33])[C:41]#[N:42])([H:11])[C:21]#[N:22]>>[Cl-:1].[Cl:2][C@@:5]([C@:4]([H:3])([N+:31]([O-:32])[O:33])[C:41]#[N:42])([H:11])[C:21]#[N:22],23.858903770988064
[F-:2].[F:1][C@:5]([C@:4]([H:3])([N+:31]([O-:32])[O:33])[C:41]([H:42])([H:43])[H:44])([C:11]([H:12])([H:13])[H:14])[C:21]#[N:22]>>[F-:1].[F:2][C@@:5]([C@:4]([H:3])([N+:31]([O-:32])[O:33])[C:41]([H:42])([H:43])[H:44])([C:11]([H:12])([H:13])[H:14])[C:21]#[N:22],23.99591428528832
[Cl:1][C@:5]([C:4]([H:3])([N:31]([H:32])[H:33])[H:41])([C:11]#[N:12])[N:21]([H:22])[H:23].[H-:2]>>[Cl-:1].[H:2][C@@:5]([C:4]([H:3])([N:31]([H:32])[H:33])[H:41])([C:11]#[N:12])[N:21]([H:22])[H:23],7.151290547549152
[F-:2].[F:1][C@:5]([C@:4]([H:3])([C:31]#[N:32])[N+:41]([O-:42])[O:43])([C:11]#[N:12])[C:21]([H:22])([H:23])[H:24]>>[F-:1].[F:2][C@@:5]([C@:4]([H:3])([C:31]#[N:32])[N+:41]([O-:42])[O:43])([C:11]#[N:12])[C:21]([H:22])([H:23])[H:24],11.123743039296922
[Br:1][C:5]([C:4]([H:3])([N:31]([H:32])[H:33])[H:41])([C:11]([H:12])([H:13])[H:14])[C:21]([H:22])([H:23])[H:24].[H-:2]>>[Br-:1].[H:2][C:5]([C:4]([H:3])([N:31]([H:32])[H:33])[H:41])([C:11]([H:12])([H:13])[H:14])[C:21]([H:22])([H:23])[H:24],16.740568391289283
[Cl-:2].[Cl:1][C@:5]([C:4]([H:3])([H:31])[C:41]([H:42])([H:43])[H:44])([H:11])[N+:21]([O-:22])[O:23]>>[Cl-:1].[Cl:2][C@@:5]([C:4]([H:3])([H:31])[C:41]([H:42])([H:43])[H:44])([H:11])[N+:21]([O-:22])[O:23],18.91115419842875
[Cl:1][C@:5]([C:4]([H:3])([C:31]([H:32])([H:33])[H:34])[H:41])([H:11])[N+:21]([O-:22])[O:23].[F-:2]>>[Cl-:1].[F:2][C@@:5]([C:4]([H:3])([C:31]([H:32])([H:33])[H:34])[H:41])([H:11])[N+:21]([O-:22])[O:23],10.079837357230332
[F:1][C@:5]([C:4]([H:3])([C:31]#[N:32])[C:41]#[N:42])([C:11]#[N:12])[N:21]([H:22])[H:23].[H-:2]>>[F-:1].[H:2][C@@:5]([C:4]([H:3])([C:31]#[N:32])[C:41]#[N:42])([C:11]#[N:12])[N:21]([H:22])[H:23],27.685419332599626
[F:1][C@:5]([C:4]([H:3])([C:31]([H:32])([H:33])[H:34])[H:41])([N:11]([H:12])[H:13])[C:21]#[N:22].[H-:2]>>[F-:1].[H:2][C@@:5]([C:4]([H:3])([C:31]([H:32])([H:33])[H:34])[H:41])([N:11]([H:12])[H:13])[C:21]#[N:22],22.79470358145306
[Cl-:2].[F:1][C@:5]([C:4]([H:3])([H:31])[C:41]([H:42])([H:43])[H:44])([H:11])[N:21]([H:22])[H:23]>>[Cl:2][C@@:5]([C:4]([H:3])([H:31])[C:41]([H:42])([H:43])[H:44])([H:11])[N:21]([H:22])[H:23].[F-:1],48.170967222104046
[Br:1][C@:5]([C:4]([H:3])([H:31])[N+:41]([O-:42])[O:43])([H:11])[C:21]([H:22])([H:23])[H:24].[F-:2]>>[Br-:1].[F:2][C@@:5]([C:4]([H:3])([H:31])[N+:41]([O-:42])[O:43])([H:11])[C:21]([H:22])([H:23])[H:24],14.564106416231825
[Br-:2].[Br:1][C@:5]([C:4]([H:3])([C:31]#[N:32])[H:41])([N+:11]([O-:12])[O:13])[H:21]>>[Br-:1].[Br:2][C@@:5]([C:4]([H:3])([C:31]#[N:32])[H:41])([N+:11]([O-:12])[O:13])[H:21],23.75730250720465
[Cl-:2].[F:1][C:5]([C@:4]([H:3])([C:31]#[N:32])[C:41]([H:42])([H:43])[H:44])([H:11])[H:21]>>[Cl:2][C:5]([C@:4]([H:3])([C:31]#[N:32])[C:41]([H:42])([H:43])[H:44])([H:11])[H:21].[F-:1],40.37902805462204
[Cl:1][C@:5]([C:4]([H:3])([C:31]#[N:32])[H:41])([C:11]([H:12])([H:13])[H:14])[N:21]([H:22])[H:23].[H-:2]>>[Cl-:1].[H:2][C@@:5]([C:4]([H:3])([C:31]#[N:32])[H:41])([C:11]([H:12])([H:13])[H:14])[N:21]([H:22])[H:23],21.15736003476123
[F-:2].[F:1][C@:5]([C@:4]([H:3])([C:31]#[N:32])[C:41]([H:42])([H:43])[H:44])([C:11]#[N:12])[C:21]([H:22])([H:23])[H:24]>>[F-:1].[F:2][C@@:5]([C@:4]([H:3])([C:31]#[N:32])[C:41]([H:42])([H:43])[H:44])([C:11]#[N:12])[C:21]([H:22])([H:23])[H:24],20.58949041693405
[F:1][C:5]([C:4]([H:3])([H:31])[C:41]#[N:42])([C:11]#[N:12])[C:21]#[N:22].[H-:2]>>[F-:1].[H:2][C:5]([C:4]([H:3])([H:31])[C:41]#[N:42])([C:11]#[N:12])[C:21]#[N:22],0.284439726712334
[Br:1][C@:5]([C:4]([H:3])([H:31])[N+:41]([O-:42])[O:43])([H:11])[C:21]#[N:22].[F-:2]>>[Br-:1].[F:2][C@@:5]([C:4]([H:3])([H:31])[N+:41]([O-:42])[O:43])([H:11])[C:21]#[N:22],6.6884162965318215
[Cl-:2].[F:1][C:5]([C:4]([H:3])([N+:31]([O-:32])[O:33])[H:41])([C:11]([H:12])([H:13])[H:14])[C:21]([H:22])([H:23])[H:24]>>[Cl:2][C:5]([C:4]([H:3])([N+:31]([O-:32])[O:33])[H:41])([C:11]([H:12])([H:13])[H:14])[C:21]([H:22])([H:23])[H:24].[F-:1],47.80484118192536
[Br:1][C:5]([C@:4]([H:3])([C:31]([H:32])([H:33])[H:34])[N:41]([H:42])[H:43])([C:11]([H:12])([H:13])[H:14])[C:21]([H:22])([H:23])[H:24].[H-:2]>>[Br-:1].[H:2][C:5]([C@:4]([H:3])([C:31]([H:32])([H:33])[H:34])[N:41]([H:42])[H:43])([C:11]([H:12])([H:13])[H:14])[C:21]([H:22])([H:23])[H:24],26.812816053856896
[Br-:2].[Cl:1][C@:5]([C@:4]([H:3])([N+:31]([O-:32])[O:33])[N:41]([H:42])[H:43])([C:11]([H:12])([H:13])[H:14])[H:21]>>[Br:2][C@@:5]([C@:4]([H:3])([N+:31]([O-:32])[O:33])[N:41]([H:42])[H:43])([C:11]([H:12])([H:13])[H:14])[H:21].[Cl-:1],35.183559755092205
[Br:1][C@:5]([C:4]([H:3])([C:31]#[N:32])[H:41])([C:11]([H:12])([H:13])[H:14])[H:21].[F-:2]>>[Br-:1].[F:2][C@@:5]([C:4]([H:3])([C:31]#[N:32])[H:41])([C:11]([H:12])([H:13])[H:14])[H:21],10.410453775388618
[F-:2].[F:1][C:5]([C:4]([H:3])([N+:31]([O-:32])[O:33])[N+:41]([O-:42])[O:43])([H:11])[H:21]>>[F-:1].[F:2][C:5]([C:4]([H:3])([N+:31]([O-:32])[O:33])[N+:41]([O-:42])[O:43])([H:11])[H:21],11.15719552947491
[Cl-:2].[F:1][C@:5]([C@:4]([H:3])([C:31]([H:32])([H:33])[H:34])[N:41]([H:42])[H:43])([H:11])[C:21]#[N:22]>>[Cl:2][C@@:5]([C@:4]([H:3])([C:31]([H:32])([H:33])[H:34])[N:41]([H:42])[H:43])([H:11])[C:21]#[N:22].[F-:1],40.908927291223954
[Br:1][C:5]([C:4]([H:3])([C:31]([H:32])([H:33])[H:34])[H:41])([C:11]([H:12])([H:13])[H:14])[C:21]([H:22])([H:23])[H:24].[Cl-:2]>>[Br-:1].[Cl:2][C:5]([C:4]([H:3])([C:31]([H:32])([H:33])[H:34])[H:41])([C:11]([H:12])([H:13])[H:14])[C:21]([H:22])([H:23])[H:24],28.07110299151072
[F:1][C:5]([C:4]([H:3])([H:31])[N:41]([H:42])[H:43])([N:11]([H:12])[H:13])[N:21]([H:22])[H:23].[H-:2]>>[F-:1].[H:2][C:5]([C:4]([H:3])([H:31])[N:41]([H:42])[H:43])([N:11]([H:12])[H:13])[N:21]([H:22])[H:23],42.249295624300814
[F:1][C:5]([C@:4]([H:3])([N:31]([H:32])[H:33])[C:41]([H:42])([H:43])[H:44])([C:11]#[N:12])[C:21]#[N:22].[H-:2]>>[F-:1].[H:2][C:5]([C@:4]([H:3])([N:31]([H:32])[H:33])[C:41]([H:42])([H:43])[H:44])([C:11]#[N:12])[C:21]#[N:22],6.485580184612879
[Br-:2].[Cl:1][C:5]([C@:4]([H:3])([C:31]#[N:32])[N:41]([H:42])[H:43])([H:11])[H:21]>>[Br:2][C:5]([C@:4]([H:3])([C:31]#[N:32])[N:41]([H:42])[H:43])([H:11])[H:21].[Cl-:1],32.452779339153274
[F:1][C@:5]([C@:4]([H:3])([N:31]([H:32])[H:33])[C:41]#[N:42])([N:11]([H:12])[H:13])[C:21]#[N:22].[H-:2]>>[F-:1].[H:2][C@@:5]([C@:4]([H:3])([N:31]([H:32])[H:33])[C:41]#[N:42])([N:11]([H:12])[H:13])[C:21]#[N:22],20.709463331461148
[Cl:1][C@:5]([C@:4]([H:3])([N:31]([H:32])[H:33])[C:41]#[N:42])([N:11]([H:12])[H:13])[H:21].[F-:2]>>[Cl-:1].[F:2][C@@:5]([C@:4]([H:3])([N:31]([H:32])[H:33])[C:41]#[N:42])([N:11]([H:12])[H:13])[H:21],26.14591612243535
[F:1][C@:5]([C:4]([H:3])([C:31]([H:32])([H:33])[H:34])[C:41]([H:42])([H:43])[H:44])([C:11]([H:12])([H:13])[H:14])[C:21]#[N:22].[H-:2]>>[F-:1].[H:2][C@@:5]([C:4]([H:3])([C:31]([H:32])([H:33])[H:34])[C:41]([H:42])([H:43])[H:44])([C:11]([H:12])([H:13])[H:14])[C:21]#[N:22],11.341628161367364
[Cl:1][C@:5]([C@:4]([H:3])([C:31]([H:32])([H:33])[H:34])[N+:41]([O-:42])[O:43])([N:11]([H:12])[H:13])[C:21]#[N:22].[F-:2]>>[Cl-:1].[F:2][C@@:5]([C@:4]([H:3])([C:31]([H:32])([H:33])[H:34])[N+:41]([O-:42])[O:43])([N:11]([H:12])[H:13])[C:21]#[N:22],21.128302021392752
[Cl:1][C@:5]([C:4]([H:3])([N+:31]([O-:32])[O:33])[H:41])([N:11]([H:12])[H:13])[N+:21]([O-:22])[O:23].[F-:2]>>[Cl-:1].[F:2][C@@:5]([C:4]([H:3])([N+:31]([O-:32])[O:33])[H:41])([N:11]([H:12])[H:13])[N+:21]([O-:22])[O:23],26.55611941930124
[Br:1][C@:5]([C@:4]([H:3])([C:31]([H:32])([H:33])[H:34])[C:41]#[N:42])([N+:11]([O-:12])[O:13])[N:21]([H:22])[H:23].[F-:2]>>[Br-:1].[F:2][C@@:5]([C@:4]([H:3])([C:31]([H:32])([H:33])[H:34])[C:41]#[N:42])([N+:11]([O-:12])[O:13])[N:21]([H:22])[H:23],20.76342563707996
[Cl:1][C@:5]([C:4]([H:3])([C:31]#[N:32])[C:41]#[N:42])([N:11]([H:12])[H:13])[H:21].[F-:2]>>[Cl-:1].[F:2][C@@:5]([C:4]([H:3])([C:31]#[N:32])[C:41]#[N:42])([N:11]([H:12])[H:13])[H:21],24.05392832117608
[Cl-:2].[F:1][C@:5]([C:4]([H:3])([N:31]([H:32])[H:33])[H:41])([H:11])[N+:21]([O-:22])[O:23]>>[Cl:2][C@@:5]([C:4]([H:3])([N:31]([H:32])[H:33])[H:41])([H:11])[N+:21]([O-:22])[O:23].[F-:1],33.935479173253675
[Br:1][C@:5]([C@:4]([H:3])([C:31]([H:32])([H:33])[H:34])[C:41]#[N:42])([C:11]([H:12])([H:13])[H:14])[N:21]([H:22])[H:23].[H-:2]>>[Br-:1].[H:2][C@@:5]([C@:4]([H:3])([C:31]([H:32])([H:33])[H:34])[C:41]#[N:42])([C:11]([H:12])([H:13])[H:14])[N:21]([H:22])[H:23],22.8026320414295
[F-:2].[F:1][C@:5]([C@:4]([H:3])([N+:31]([O-:32])[O:33])[C:41]#[N:42])([H:11])[C:21]([H:22])([H:23])[H:24]>>[F-:1].[F:2][C@@:5]([C@:4]([H:3])([N+:31]([O-:32])[O:33])[C:41]#[N:42])([H:11])[C:21]([H:22])([H:23])[H:24],18.556438211948564
[Cl-:2].[F:1][C@:5]([C@:4]([H:3])([C:31]([H:32])([H:33])[H:34])[N+:41]([O-:42])[O:43])([H:11])[C:21]#[N:22]>>[Cl:2][C@@:5]([C@:4]([H:3])([C:31]([H:32])([H:33])[H:34])[N+:41]([O-:42])[O:43])([H:11])[C:21]#[N:22].[F-:1],36.09165474416194
[F-:2].[F:1][C@:5]([C@:4]([H:3])([N:31]([H:32])[H:33])[C:41]([H:42])([H:43])[H:44])([C:11]([H:12])([H:13])[H:14])[H:21]>>[F-:1].[F:2][C@@:5]([C@:4]([H:3])([N:31]([H:32])[H:33])[C:41]([H:42])([H:43])[H:44])([C:11]([H:12])([H:13])[H:14])[H:21],35.235326022107955
[Cl:1][C@:5]([C@:4]([H:3])([C:31]#[N:32])[N+:41]([O-:42])[O:43])([H:11])[N:21]([H:22])[H:23].[H-:2]>>[Cl-:1].[H:2][C:5]([C@:4]([H:3])([C:31]#[N:32])[N+:41]([O-:42])[O:43])([H:11])[N:21]([H:22])[H:23],13.072508601113045
[F:1][C@:5]([C:4]([H:3])([H:31])[N+:41]([O-:42])[O:43])([N:11]([H:12])[H:13])[N+:21]([O-:22])[O:23].[H-:2]>>[F-:1].[H:2][C@@:5]([C:4]([H:3])([H:31])[N+:41]([O-:42])[O:43])([N:11]([H:12])[H:13])[N+:21]([O-:22])[O:23],13.428217482109725
[Br-:2].[Cl:1][C@:5]([C:4]([H:3])([N:31]([H:32])[H:33])[N:41]([H:42])[H:43])([C:11]([H:12])([H:13])[H:14])[C:21]#[N:22]>>[Br:2][C@@:5]([C:4]([H:3])([N:31]([H:32])[H:33])[N:41]([H:42])[H:43])([C:11]([H:12])([H:13])[H:14])[C:21]#[N:22].[Cl-:1],40.76059615485234
[Cl-:2].[F:1][C@:5]([C:4]([H:3])([N+:31]([O-:32])[O:33])[H:41])([N+:11]([O-:12])[O:13])[H:21]>>[Cl:2][C@@:5]([C:4]([H:3])([N+:31]([O-:32])[O:33])[H:41])([N+:11]([O-:12])[O:13])[H:21].[F-:1],34.94705733421126
[Br:1][C:5]([C@:4]([H:3])([N:31]([H:32])[H:33])[C:41]#[N:42])([C:11]#[N:12])[C:21]#[N:22].[F-:2]>>[Br-:1].[F:2][C:5]([C@:4]([H:3])([N:31]([H:32])[H:33])[C:41]#[N:42])([C:11]#[N:12])[C:21]#[N:22],14.914442761768614
[Cl-:2].[F:1][C@:5]([C:4]([H:3])([N:31]([H:32])[H:33])[H:41])([N:11]([H:12])[H:13])[C:21]#[N:22]>>[Cl:2][C@@:5]([C:4]([H:3])([N:31]([H:32])[H:33])[H:41])([N:11]([H:12])[H:13])[C:21]#[N:22].[F-:1],51.1715099951369
[Br:1][C@:5]([C:4]([H:3])([N:31]([H:32])[H:33])[H:41])([C:11]#[N:12])[C:21]([H:22])([H:23])[H:24].[F-:2]>>[Br-:1].[F:2][C@@:5]([C:4]([H:3])([N:31]([H:32])[H:33])[H:41])([C:11]#[N:12])[C:21]([H:22])([H:23])[H:24],13.698353354271164
[Cl:1][C:5]([C@:4]([H:3])([C:31]#[N:32])[C:41]([H:42])([H:43])[H:44])([C:11]([H:12])([H:13])[H:14])[C:21]([H:22])([H:23])[H:24].[H-:2]>>[Cl-:1].[H:2][C:5]([C@:4]([H:3])([C:31]#[N:32])[C:41]([H:42])([H:43])[H:44])([C:11]([H:12])([H:13])[H:14])[C:21]([H:22])([H:23])[H:24],20.879363263834872
[F:1][C@:5]([C:4]([H:3])([C:31]#[N:32])[C:41]#[N:42])([N+:11]([O-:12])[O:13])[N:21]([H:22])[H:23].[H-:2]>>[F-:1].[H:2][C@@:5]([C:4]([H:3])([C:31]#[N:32])[C:41]#[N:42])([N+:11]([O-:12])[O:13])[N:21]([H:22])[H:23],7.22221124355441
[F-:2].[F:1][C@:5]([C:4]([H:3])([C:31]#[N:32])[C:41]#[N:42])([N:11]([H:12])[H:13])[C:21]([H:22])([H:23])[H:24]>>[F-:1].[F:2][C@@:5]([C:4]([H:3])([C:31]#[N:32])[C:41]#[N:42])([N:11]([H:12])[H:13])[C:21]([H:22])([H:23])[H:24],41.221989448836055
[Br-:2].[F:1][C:5]([C@:4]([H:3])([C:31]([H:32])([H:33])[H:34])[N:41]([H:42])[H:43])([C:11]([H:12])([H:13])[H:14])[C:21]([H:22])([H:23])[H:24]>>[Br:2][C:5]([C@:4]([H:3])([C:31]([H:32])([H:33])[H:34])[N:41]([H:42])[H:43])([C:11]([H:12])([H:13])[H:14])[C:21]([H:22])([H:23])[H:24].[F-:1],56.542988782693385
[Br-:2].[Cl:1][C@:5]([C@:4]([H:3])([N:31]([H:32])[H:33])[N+:41]([O-:42])[O:43])([H:11])[C:21]#[N:22]>>[Br:2][C@@:5]([C@:4]([H:3])([N:31]([H:32])[H:33])[N+:41]([O-:42])[O:43])([H:11])[C:21]#[N:22].[Cl-:1],27.106036899935173
[Cl-:2].[Cl:1][C@:5]([C:4]([H:3])([N:31]([H:32])[H:33])[H:41])([C:11]#[N:12])[H:21]>>[Cl-:1].[Cl:2][C@@:5]([C:4]([H:3])([N:31]([H:32])[H:33])[H:41])([C:11]#[N:12])[H:21],25.69573194904387
[Cl-:2].[F:1][C@:5]([C@:4]([H:3])([N:31]([H:32])[H:33])[C:41]#[N:42])([N+:11]([O-:12])[O:13])[H:21]>>[Cl:2][C@@:5]([C@:4]([H:3])([N:31]([H:32])[H:33])[C:41]#[N:42])([N+:11]([O-:12])[O:13])[H:21].[F-:1],49.388183690669045
[Br:1][C@:5]([C:4]([H:3])([N+:31]([O-:32])[O:33])[H:41])([H:11])[C:21]([H:22])([H:23])[H:24].[Cl-:2]>>[Br-:1].[Cl:2][C@@:5]([C:4]([H:3])([N+:31]([O-:32])[O:33])[H:41])([H:11])[C:21]([H:22])([H:23])[H:24],19.90715731503408
[Br-:2].[Cl:1][C@:5]([C:4]([H:3])([H:31])[C:41]([H:42])([H:43])[H:44])([C:11]#[N:12])[H:21]>>[Br:2][C@@:5]([C:4]([H:3])([H:31])[C:41]([H:42])([H:43])[H:44])([C:11]#[N:12])[H:21].[Cl-:1],25.18941815214512
[F:1][C@:5]([C@:4]([H:3])([N:31]([H:32])[H:33])[N+:41]([O-:42])[O:43])([H:11])[N:21]([H:22])[H:23].[H-:2]>>[F-:1].[H:2][C:5]([C@:4]([H:3])([N:31]([H:32])[H:33])[N+:41]([O-:42])[O:43])([H:11])[N:21]([H:22])[H:23],26.84488831926287
[F-:2].[F:1][C:5]([C@:4]([H:3])([C:31]([H:32])([H:33])[H:34])[N:41]([H:42])[H:43])([C:11]([H:12])([H:13])[H:14])[C:21]([H:22])([H:23])[H:24]>>[F-:1].[F:2][C:5]([C@:4]([H:3])([C:31]([H:32])([H:33])[H:34])[N:41]([H:42])[H:43])([C:11]([H:12])([H:13])[H:14])[C:21]([H:22])([H:23])[H:24],42.58764657296175
[Br:1][C@:5]([C@:4]([H:3])([N+:31]([O-:32])[O:33])[N:41]([H:42])[H:43])([H:11])[C:21]([H:22])([H:23])[H:24].[H-:2]>>[Br-:1].[H:2][C:5]([C@:4]([H:3])([N+:31]([O-:32])[O:33])[N:41]([H:42])[H:43])([H:11])[C:21]([H:22])([H:23])[H:24],13.573261770068314
[Cl:1][C@:5]([C:4]([H:3])([N:31]([H:32])[H:33])[H:41])([N:11]([H:12])[H:13])[C:21]#[N:22].[H-:2]>>[Cl-:1].[H:2][C@@:5]([C:4]([H:3])([N:31]([H:32])[H:33])[H:41])([N:11]([H:12])[H:13])[C:21]#[N:22],13.872315945356336
[Br:1][C@:5]([C:4]([H:3])([C:31]#[N:32])[H:41])([N+:11]([O-:12])[O:13])[N:21]([H:22])[H:23].[F-:2]>>[Br-:1].[F:2][C@@:5]([C:4]([H:3])([C:31]#[N:32])[H:41])([N+:11]([O-:12])[O:13])[N:21]([H:22])[H:23],11.762804523537993
[Cl-:2].[Cl:1][C@:5]([C@:4]([H:3])([C:31]([H:32])([H:33])[H:34])[C:41]#[N:42])([C:11]#[N:12])[C:21]([H:22])([H:23])[H:24]>>[Cl-:1].[Cl:2][C@@:5]([C@:4]([H:3])([C:31]([H:32])([H:33])[H:34])[C:41]#[N:42])([C:11]#[N:12])[C:21]([H:22])([H:23])[H:24],33.75312787349584
[Br-:2].[F:1][C@:5]([C:4]([H:3])([N:31]([H:32])[H:33])[N:41]([H:42])[H:43])([H:11])[C:21]([H:22])([H:23])[H:24]>>[Br:2][C@@:5]([C:4]([H:3])([N:31]([H:32])[H:33])[N:41]([H:42])[H:43])([H:11])[C:21]([H:22])([H:23])[H:24].[F-:1],49.40485962701824
[Cl:1][C@:5]([C@:4]([H:3])([C:31]#[N:32])[N:41]([H:42])[H:43])([H:11])[C:21]#[N:22].[F-:2]>>[Cl-:1].[F:2][C@@:5]([C@:4]([H:3])([C:31]#[N:32])[N:41]([H:42])[H:43])([H:11])[C:21]#[N:22],17.341381095239782
[Cl:1][C@:5]([C@:4]([H:3])([C:31]([H:32])([H:33])[H:34])[N:41]([H:42])[H:43])([C:11]#[N:12])[H:21].[F-:2]>>[Cl-:1].[F:2][C@@:5]([C@:4]([H:3])([C:31]([H:32])([H:33])[H:34])[N:41]([H:42])[H:43])([C:11]#[N:12])[H:21],23.36652905857117
[Cl-:2].[Cl:1][C@:5]([C:4]([H:3])([H:31])[N:41]([H:42])[H:43])([C:11]([H:12])([H:13])[H:14])[C:21]#[N:22]>>[Cl-:1].[Cl:2][C@@:5]([C:4]([H:3])([H:31])[N:41]([H:42])[H:43])([C:11]([H:12])([H:13])[H:14])[C:21]#[N:22],35.028347405488915
[Cl:1][C:5]([C@:4]([H:3])([C:31]#[N:32])[C:41]([H:42])([H:43])[H:44])([N:11]([H:12])[H:13])[N:21]([H:22])[H:23].[H-:2]>>[Cl-:1].[H:2][C:5]([C@:4]([H:3])([C:31]#[N:32])[C:41]([H:42])([H:43])[H:44])([N:11]([H:12])[H:13])[N:21]([H:22])[H:23],26.99235274116868
[Br-:2].[Br:1][C@:5]([C:4]([H:3])([H:31])[N+:41]([O-:42])[O:43])([N:11]([H:12])[H:13])[H:21]>>[Br-:1].[Br:2][C@@:5]([C:4]([H:3])([H:31])[N+:41]([O-:42])[O:43])([N:11]([H:12])[H:13])[H:21],15.572677323294975
[Cl:1][C@:5]([C:4]([H:3])([C:31]#[N:32])[H:41])([C:11]([H:12])([H:13])[H:14])[N+:21]([O-:22])[O:23].[H-:2]>>[Cl-:1].[H:2][C@@:5]([C:4]([H:3])([C:31]#[N:32])[H:41])([C:11]([H:12])([H:13])[H:14])[N+:21]([O-:22])[O:23],4.377749636555503
[F:1][C@:5]([C@:4]([H:3])([N+:31]([O-:32])[O:33])[N:41]([H:42])[H:43])([C:11]#[N:12])[H:21].[H-:2]>>[F-:1].[H:2][C:5]([C@:4]([H:3])([N+:31]([O-:32])[O:33])[N:41]([H:42])[H:43])([C:11]#[N:12])[H:21],7.073800722018853
[F-:2].[F:1][C@:5]([C@:4]([H:3])([C:31]([H:32])([H:33])[H:34])[N+:41]([O-:42])[O:43])([C:11]([H:12])([H:13])[H:14])[C:21]#[N:22]>>[F-:1].[F:2][C@@:5]([C@:4]([H:3])([C:31]([H:32])([H:33])[H:34])[N+:41]([O-:42])[O:43])([C:11]([H:12])([H:13])[H:14])[C:21]#[N:22],20.372587052384496
[Cl:1][C@:5]([C@:4]([H:3])([N+:31]([O-:32])[O:33])[C:41]([H:42])([H:43])[H:44])([H:11])[N:21]([H:22])[H:23].[H-:2]>>[Cl-:1].[H:2][C:5]([C@:4]([H:3])([N+:31]([O-:32])[O:33])[C:41]([H:42])([H:43])[H:44])([H:11])[N:21]([H:22])[H:23],17.63716917303162
[Br-:2].[F:1][C@:5]([C@:4]([H:3])([C:31]([H:32])([H:33])[H:34])[C:41]#[N:42])([H:11])[N:21]([H:22])[H:23]>>[Br:2][C@@:5]([C@:4]([H:3])([C:31]([H:32])([H:33])[H:34])[C:41]#[N:42])([H:11])[N:21]([H:22])[H:23].[F-:1],56.84113273020272
[F-:2].[F:1][C:5]([C:4]([H:3])([H:31])[H:41])([C:11]([H:12])([H:13])[H:14])[N:21]([H:22])[H:23]>>[F-:1].[F:2][C:5]([C:4]([H:3])([H:31])[H:41])([C:11]([H:12])([H:13])[H:14])[N:21]([H:22])[H:23],37.62059754211364
[Br:1][C:5]([C:4]([H:3])([C:31]#[N:32])[C:41]#[N:42])([H:11])[H:21].[F-:2]>>[Br-:1].[F:2][C:5]([C:4]([H:3])([C:31]#[N:32])[C:41]#[N:42])([H:11])[H:21],3.498772000221648
[Cl:1][C@:5]([C@:4]([H:3])([N:31]([H:32])[H:33])[N+:41]([O-:42])[O:43])([H:11])[C:21]#[N:22].[F-:2]>>[Cl-:1].[F:2][C@@:5]([C@:4]([H:3])([N:31]([H:32])[H:33])[N+:41]([O-:42])[O:43])([H:11])[C:21]#[N:22],14.883107620067127
[Cl-:2].[Cl:1][C:5]([C:4]([H:3])([H:31])[H:41])([C:11]([H:12])([H:13])[H:14])[N+:21]([O-:22])[O:23]>>[Cl-:1].[Cl:2][C:5]([C:4]([H:3])([H:31])[H:41])([C:11]([H:12])([H:13])[H:14])[N+:21]([O-:22])[O:23],28.34336743331216
[Cl:1][C@:5]([C:4]([H:3])([N:31]([H:32])[H:33])[H:41])([C:11]([H:12])([H:13])[H:14])[N:21]([H:22])[H:23].[H-:2]>>[Cl-:1].[H:2][C@@:5]([C:4]([H:3])([N:31]([H:32])[H:33])[H:41])([C:11]([H:12])([H:13])[H:14])[N:21]([H:22])[H:23],20.21715605399529
[Cl-:2].[F:1][C@:5]([C@:4]([H:3])([C:31]#[N:32])[C:41]([H:42])([H:43])[H:44])([N:11]([H:12])[H:13])[C:21]#[N:22]>>[Cl:2][C@@:5]([C@:4]([H:3])([C:31]#[N:32])[C:41]([H:42])([H:43])[H:44])([N:11]([H:12])[H:13])[C:21]#[N:22].[F-:1],49.789757343999966
[Cl-:2].[Cl:1][C@:5]([C:4]([H:3])([C:31]#[N:32])[H:41])([N:11]([H:12])[H:13])[C:21]#[N:22]>>[Cl-:1].[Cl:2][C@@:5]([C:4]([H:3])([C:31]#[N:32])[H:41])([N:11]([H:12])[H:13])[C:21]#[N:22],33.32385274178133
[Cl:1][C:5]([C@:4]([H:3])([N:31]([H:32])[H:33])[N+:41]([O-:42])[O:43])([C:11]([H:12])([H:13])[H:14])[C:21]([H:22])([H:23])[H:24].[H-:2]>>[Cl-:1].[H:2][C:5]([C@:4]([H:3])([N:31]([H:32])[H:33])[N+:41]([O-:42])[O:43])([C:11]([H:12])([H:13])[H:14])[C:21]([H:22])([H:23])[H:24],26.30825248630373
[F-:2].[F:1][C:5]([C@:4]([H:3])([C:31]([H:32])([H:33])[H:34])[N+:41]([O-:42])[O:43])([N:11]([H:12])[H:13])[N:21]([H:22])[H:23]>>[F-:1].[F:2][C:5]([C@:4]([H:3])([C:31]([H:32])([H:33])[H:34])[N+:41]([O-:42])[O:43])([N:11]([H:12])[H:13])[N:21]([H:22])[H:23],42.65791977532673
[Br-:2].[Br:1][C@:5]([C:4]([H:3])([N:31]([H:32])[H:33])[N:41]([H:42])[H:43])([H:11])[C:21]([H:22])([H:23])[H:24]>>[Br-:1].[Br:2][C@@:5]([C:4]([H:3])([N:31]([H:32])[H:33])[N:41]([H:42])[H:43])([H:11])[C:21]([H:22])([H:23])[H:24],39.04632831314793
[F-:2].[F:1][C@:5]([C@:4]([H:3])([N+:31]([O-:32])[O:33])[C:41]([H:42])([H:43])[H:44])([C:11]([H:12])([H:13])[H:14])[N:21]([H:22])[H:23]>>[F-:1].[F:2][C@@:5]([C@:4]([H:3])([N+:31]([O-:32])[O:33])[C:41]([H:42])([H:43])[H:44])([C:11]([H:12])([H:13])[H:14])[N:21]([H:22])[H:23],41.959232371797405
[Br:1][C@:5]([C:4]([H:3])([C:31]#[N:32])[C:41]#[N:42])([C:11]([H:12])([H:13])[H:14])[H:21].[F-:2]>>[Br-:1].[F:2][C@@:5]([C:4]([H:3])([C:31]#[N:32])[C:41]#[N:42])([C:11]([H:12])([H:13])[H:14])[H:21],2.490777842273359
[Cl:1][C@:5]([C@:4]([H:3])([N+:31]([O-:32])[O:33])[C:41]#[N:42])([H:11])[C:21]([H:22])([H:23])[H:24].[H-:2]>>[Cl-:1].[H:2][C:5]([C@:4]([H:3])([N+:31]([O-:32])[O:33])[C:41]#[N:42])([H:11])[C:21]([H:22])([H:23])[H:24],3.1870097772759403
[Br:1][C@:5]([C:4]([H:3])([C:31]#[N:32])[H:41])([H:11])[N+:21]([O-:22])[O:23].[Cl-:2]>>[Br-:1].[Cl:2][C@@:5]([C:4]([H:3])([C:31]#[N:32])[H:41])([H:11])[N+:21]([O-:22])[O:23],21.82586668237808
[F:1][C@:5]([C@:4]([H:3])([N:31]([H:32])[H:33])[C:41]#[N:42])([C:11]#[N:12])[H:21].[H-:2]>>[F-:1].[H:2][C:5]([C@:4]([H:3])([N:31]([H:32])[H:33])[C:41]#[N:42])([C:11]#[N:12])[H:21],11.783644296046988
[Cl-:2].[F:1][C@:5]([C:4]([H:3])([H:31])[N:41]([H:42])[H:43])([C:11]#[N:12])[N+:21]([O-:22])[O:23]>>[Cl:2][C@@:5]([C:4]([H:3])([H:31])[N:41]([H:42])[H:43])([C:11]#[N:12])[N+:21]([O-:22])[O:23].[F-:1],33.40452633234384
[Br-:2].[F:1][C@:5]([C@:4]([H:3])([C:31]([H:32])([H:33])[H:34])[N:41]([H:42])[H:43])([C:11]#[N:12])[C:21]([H:22])([H:23])[H:24]>>[Br:2][C@@:5]([C@:4]([H:3])([C:31]([H:32])([H:33])[H:34])[N:41]([H:42])[H:43])([C:11]#[N:12])[C:21]([H:22])([H:23])[H:24].[F-:1],49.69189552136765
[Cl-:2].[F:1][C@:5]([C:4]([H:3])([C:31]#[N:32])[H:41])([C:11]([H:12])([H:13])[H:14])[H:21]>>[Cl:2][C@@:5]([C:4]([H:3])([C:31]#[N:32])[H:41])([C:11]([H:12])([H:13])[H:14])[H:21].[F-:1],40.20202449982968
[Br-:2].[Cl:1][C:5]([C@:4]([H:3])([C:31]#[N:32])[C:41]([H:42])([H:43])[H:44])([C:11]([H:12])([H:13])[H:14])[C:21]([H:22])([H:23])[H:24]>>[Br:2][C:5]([C@:4]([H:3])([C:31]#[N:32])[C:41]([H:42])([H:43])[H:44])([C:11]([H:12])([H:13])[H:14])[C:21]([H:22])([H:23])[H:24].[Cl-:1],44.330649199566935
[Cl:1][C@:5]([C@:4]([H:3])([C:31]([H:32])([H:33])[H:34])[N:41]([H:42])[H:43])([N+:11]([O-:12])[O:13])[H:21].[H-:2]>>[Cl-:1].[H:2][C:5]([C@:4]([H:3])([C:31]([H:32])([H:33])[H:34])[N:41]([H:42])[H:43])([N+:11]([O-:12])[O:13])[H:21],7.486995928917516
[Br:1][C@:5]([C@:4]([H:3])([N:31]([H:32])[H:33])[C:41]#[N:42])([C:11]([H:12])([H:13])[H:14])[H:21].[H-:2]>>[Br-:1].[H:2][C:5]([C@:4]([H:3])([N:31]([H:32])[H:33])[C:41]#[N:42])([C:11]([H:12])([H:13])[H:14])[H:21],12.683890047443173
[Cl:1][C@:5]([C:4]([H:3])([H:31])[N+:41]([O-:42])[O:43])([H:11])[N+:21]([O-:22])[O:23].[H-:2]>>[Cl-:1].[H:2][C:5]([C:4]([H:3])([H:31])[N+:41]([O-:42])[O:43])([H:11])[N+:21]([O-:22])[O:23],0.5239017070386778
[F-:2].[F:1][C@:5]([C:4]([H:3])([N:31]([H:32])[H:33])[H:41])([H:11])[N+:21]([O-:22])[O:23]>>[F-:1].[F:2][C@@:5]([C:4]([H:3])([N:31]([H:32])[H:33])[H:41])([H:11])[N+:21]([O-:22])[O:23],16.928403896093016
[Cl-:2].[Cl:1][C@:5]([C:4]([H:3])([N:31]([H:32])[H:33])[H:41])([N+:11]([O-:12])[O:13])[C:21]([H:22])([H:23])[H:24]>>[Cl-:1].[Cl:2][C@@:5]([C:4]([H:3])([N:31]([H:32])[H:33])[H:41])([N+:11]([O-:12])[O:13])[C:21]([H:22])([H:23])[H:24],28.75658314853379
[Cl:1][C@:5]([C@:4]([H:3])([C:31]([H:32])([H:33])[H:34])[C:41]#[N:42])([C:11]([H:12])([H:13])[H:14])[C:21]#[N:22].[H-:2]>>[Cl-:1].[H:2][C@@:5]([C@:4]([H:3])([C:31]([H:32])([H:33])[H:34])[C:41]#[N:42])([C:11]([H:12])([H:13])[H:14])[C:21]#[N:22],3.984688253255848
[Cl:1][C@:5]([C@:4]([H:3])([N:31]([H:32])[H:33])[C:41]([H:42])([H:43])[H:44])([C:11]([H:12])([H:13])[H:14])[N:21]([H:22])[H:23].[H-:2]>>[Cl-:1].[H:2][C@@:5]([C@:4]([H:3])([N:31]([H:32])[H:33])[C:41]([H:42])([H:43])[H:44])([C:11]([H:12])([H:13])[H:14])[N:21]([H:22])[H:23],28.373557377690904
[Cl:1][C@:5]([C@:4]([H:3])([N:31]([H:32])[H:33])[C:41]([H:42])([H:43])[H:44])([N+:11]([O-:12])[O:13])[H:21].[F-:2]>>[Cl-:1].[F:2][C@@:5]([C@:4]([H:3])([N:31]([H:32])[H:33])[C:41]([H:42])([H:43])[H:44])([N+:11]([O-:12])[O:13])[H:21],19.06393552723997
[Br:1][C@:5]([C:4]([H:3])([C:31]#[N:32])[C:41]#[N:42])([H:11])[N+:21]([O-:22])[O:23].[F-:2]>>[Br-:1].[F:2][C@@:5]([C:4]([H:3])([C:31]#[N:32])[C:41]#[N:42])([H:11])[N+:21]([O-:22])[O:23],1.7205271616519888
[Br-:2].[Cl:1][C@:5]([C:4]([H:3])([H:31])[C:41]([H:42])([H:43])[H:44])([C:11]([H:12])([H:13])[H:14])[N+:21]([O-:22])[O:23]>>[Br:2][C@@:5]([C:4]([H:3])([H:31])[C:41]([H:42])([H:43])[H:44])([C:11]([H:12])([H:13])[H:14])[N+:21]([O-:22])[O:23].[Cl-:1],35.567906922759406
[F-:2].[F:1][C@:5]([C:4]([H:3])([N+:31]([O-:32])[O:33])[H:41])([N+:11]([O-:12])[O:13])[C:21]([H:22])([H:23])[H:24]>>[F-:1].[F:2][C@@:5]([C:4]([H:3])([N+:31]([O-:32])[O:33])[H:41])([N+:11]([O-:12])[O:13])[C:21]([H:22])([H:23])[H:24],16.272860393526535
[F:1][C@:5]([C@:4]([H:3])([C:31]#[N:32])[C:41]([H:42])([H:43])[H:44])([N:11]([H:12])[H:13])[C:21]([H:22])([H:23])[H:24].[H-:2]>>[F-:1].[H:2][C@@:5]([C@:4]([H:3])([C:31]#[N:32])[C:41]([H:42])([H:43])[H:44])([N:11]([H:12])[H:13])[C:21]([H:22])([H:23])[H:24],35.29891719116135
[F-:2].[F:1][C@:5]([C@:4]([H:3])([C:31]#[N:32])[C:41]([H:42])([H:43])[H:44])([C:11]([H:12])([H:13])[H:14])[C:21]#[N:22]>>[F-:1].[F:2][C@@:5]([C@:4]([H:3])([C:31]#[N:32])[C:41]([H:42])([H:43])[H:44])([C:11]([H:12])([H:13])[H:14])[C:21]#[N:22],25.34107794923309
[Br-:2].[Br:1][C@:5]([C@:4]([H:3])([C:31]#[N:32])[N:41]([H:42])[H:43])([H:11])[C:21]#[N:22]>>[Br-:1].[Br:2][C@@:5]([C@:4]([H:3])([C:31]#[N:32])[N:41]([H:42])[H:43])([H:11])[C:21]#[N:22],25.534852717406025
[Br:1][C@:5]([C:4]([H:3])([C:31]#[N:32])[H:41])([N:11]([H:12])[H:13])[H:21].[H-:2]>>[Br-:1].[H:2][C:5]([C:4]([H:3])([C:31]#[N:32])[H:41])([N:11]([H:12])[H:13])[H:21],12.565399722808904
[Cl:1][C@:5]([C@:4]([H:3])([C:31]([H:32])([H:33])[H:34])[N+:41]([O-:42])[O:43])([N+:11]([O-:12])[O:13])[N:21]([H:22])[H:23].[H-:2]>>[Cl-:1].[H:2][C@@:5]([C@:4]([H:3])([C:31]([H:32])([H:33])[H:34])[N+:41]([O-:42])[O:43])([N+:11]([O-:12])[O:13])[N:21]([H:22])[H:23],13.23294768055507
[F-:2].[F:1][C@:5]([C@:4]([H:3])([C:31]([H:32])([H:33])[H:34])[C:41]#[N:42])([H:11])[C:21]([H:22])([H:23])[H:24]>>[F-:1].[F:2][C@@:5]([C@:4]([H:3])([C:31]([H:32])([H:33])[H:34])[C:41]#[N:42])([H:11])[C:21]([H:22])([H:23])[H:24],29.53798706246963
[Cl-:2].[Cl:1][C@:5]([C@:4]([H:3])([N:31]([H:32])[H:33])[C:41]([H:42])([H:43])[H:44])([C:11]#[N:12])[C:21]([H:22])([H:23])[H:24]>>[Cl-:1].[Cl:2][C@@:5]([C@:4]([H:3])([N:31]([H:32])[H:33])[C:41]([H:42])([H:43])[H:44])([C:11]#[N:12])[C:21]([H:22])([H:23])[H:24],32.75816321468032
[Br:1][C@:5]([C@:4]([H:3])([C:31]([H:32])([H:33])[H:34])[N:41]([H:42])[H:43])([N+:11]([O-:12])[O:13])[H:21].[Cl-:2]>>[Br-:1].[Cl:2][C@@:5]([C@:4]([H:3])([C:31]([H:32])([H:33])[H:34])[N:41]([H:42])[H:43])([N+:11]([O-:12])[O:13])[H:21],32.643612826601824
[Cl-:2].[Cl:1][C@:5]([C@:4]([H:3])([C:31]#[N:32])[C:41]([H:42])([H:43])[H:44])([C:11]#[N:12])[H:21]>>[Cl-:1].[Cl:2][C@@:5]([C@:4]([H:3])([C:31]#[N:32])[C:41]([H:42])([H:43])[H:44])([C:11]#[N:12])[H:21],17.581120861887094
[Cl-:2].[Cl:1][C@:5]([C:4]([H:3])([N:31]([H:32])[H:33])[H:41])([H:11])[C:21]([H:22])([H:23])[H:24]>>[Cl-:1].[Cl:2][C@@:5]([C:4]([H:3])([N:31]([H:32])[H:33])[H:41])([H:11])[C:21]([H:22])([H:23])[H:24],21.7531157124812
[Cl-:2].[F:1][C@:5]([C:4]([H:3])([C:31]#[N:32])[C:41]#[N:42])([N:11]([H:12])[H:13])[H:21]>>[Cl:2][C@@:5]([C:4]([H:3])([C:31]#[N:32])[C:41]#[N:42])([N:11]([H:12])[H:13])[H:21].[F-:1],45.60189631453081
[Cl-:2].[Cl:1][C@:5]([C@:4]([H:3])([C:31]([H:32])([H:33])[H:34])[C:41]#[N:42])([N+:11]([O-:12])[O:13])[H:21]>>[Cl-:1].[Cl:2][C@@:5]([C@:4]([H:3])([C:31]([H:32])([H:33])[H:34])[C:41]#[N:42])([N+:11]([O-:12])[O:13])[H:21],18.766086280870425
[Cl:1][C@:5]([C@:4]([H:3])([N:31]([H:32])[H:33])[C:41]#[N:42])([H:11])[N:21]([H:22])[H:23].[F-:2]>>[Cl-:1].[F:2][C@@:5]([C@:4]([H:3])([N:31]([H:32])[H:33])[C:41]#[N:42])([H:11])[N:21]([H:22])[H:23],24.58475231911681
[Cl-:2].[Cl:1][C@:5]([C@:4]([H:3])([C:31]([H:32])([H:33])[H:34])[C:41]#[N:42])([N+:11]([O-:12])[O:13])[N:21]([H:22])[H:23]>>[Cl-:1].[Cl:2][C@@:5]([C@:4]([H:3])([C:31]([H:32])([H:33])[H:34])[C:41]#[N:42])([N+:11]([O-:12])[O:13])[N:21]([H:22])[H:23],41.63978922521213
[Cl:1][C@:5]([C:4]([H:3])([H:31])[N+:41]([O-:42])[O:43])([C:11]#[N:12])[N:21]([H:22])[H:23].[F-:2]>>[Cl-:1].[F:2][C@@:5]([C:4]([H:3])([H:31])[N+:41]([O-:42])[O:43])([C:11]#[N:12])[N:21]([H:22])[H:23],20.913947874800417
[Cl-:2].[Cl:1][C@:5]([C:4]([H:3])([H:31])[C:41]#[N:42])([C:11]#[N:12])[H:21]>>[Cl-:1].[Cl:2][C@@:5]([C:4]([H:3])([H:31])[C:41]#[N:42])([C:11]#[N:12])[H:21],23.73124973053697
[Br-:2].[Cl:1][C@:5]([C:4]([H:3])([C:31]([H:32])([H:33])[H:34])[H:41])([H:11])[C:21]#[N:22]>>[Br:2][C@@:5]([C:4]([H:3])([C:31]([H:32])([H:33])[H:34])[H:41])([H:11])[C:21]#[N:22].[Cl-:1],22.911997553332647
[F:1][C@:5]([C:4]([H:3])([C:31]#[N:32])[H:41])([H:11])[C:21]([H:22])([H:23])[H:24].[H-:2]>>[F-:1].[H:2][C:5]([C:4]([H:3])([C:31]#[N:32])[H:41])([H:11])[C:21]([H:22])([H:23])[H:24],17.663849695631598
[F:1][C:5]([C:4]([H:3])([N+:31]([O-:32])[O:33])[N+:41]([O-:42])[O:43])([N:11]([H:12])[H:13])[N:21]([H:22])[H:23].[H-:2]>>[F-:1].[H:2][C:5]([C:4]([H:3])([N+:31]([O-:32])[O:33])[N+:41]([O-:42])[O:43])([N:11]([H:12])[H:13])[N:21]([H:22])[H:23],27.671957554359388
[Cl:1][C@:5]([C@:4]([H:3])([N+:31]([O-:32])[O:33])[C:41]([H:42])([H:43])[H:44])([C:11]#[N:12])[N:21]([H:22])[H:23].[H-:2]>>[Cl-:1].[H:2][C@@:5]([C@:4]([H:3])([N+:31]([O-:32])[O:33])[C:41]([H:42])([H:43])[H:44])([C:11]#[N:12])[N:21]([H:22])[H:23],10.598535771634555
[Br-:2].[F:1][C@:5]([C:4]([H:3])([H:31])[C:41]([H:42])([H:43])[H:44])([C:11]#[N:12])[C:21]([H:22])([H:23])[H:24]>>[Br:2][C@@:5]([C:4]([H:3])([H:31])[C:41]([H:42])([H:43])[H:44])([C:11]#[N:12])[C:21]([H:22])([H:23])[H:24].[F-:1],44.89455343902671
[Cl:1][C:5]([C:4]([H:3])([N+:31]([O-:32])[O:33])[H:41])([C:11]#[N:12])[C:21]#[N:22].[F-:2]>>[Cl-:1].[F:2][C:5]([C:4]([H:3])([N+:31]([O-:32])[O:33])[H:41])([C:11]#[N:12])[C:21]#[N:22],7.1349652920619855
[Cl-:2].[Cl:1][C@:5]([C:4]([H:3])([C:31]#[N:32])[H:41])([C:11]([H:12])([H:13])[H:14])[C:21]#[N:22]>>[Cl-:1].[Cl:2][C@@:5]([C:4]([H:3])([C:31]#[N:32])[H:41])([C:11]([H:12])([H:13])[H:14])[C:21]#[N:22],29.84735506673212
[Cl-:2].[F:1][C@:5]([C:4]([H:3])([C:31]([H:32])([H:33])[H:34])[C:41]([H:42])([H:43])[H:44])([N+:11]([O-:12])[O:13])[H:21]>>[Cl:2][C@@:5]([C:4]([H:3])([C:31]([H:32])([H:33])[H:34])[C:41]([H:42])([H:43])[H:44])([N+:11]([O-:12])[O:13])[H:21].[F-:1],39.70742459431359
[F-:2].[F:1][C@:5]([C:4]([H:3])([H:31])[N:41]([H:42])[H:43])([C:11]([H:12])([H:13])[H:14])[N:21]([H:22])[H:23]>>[F-:1].[F:2][C@@:5]([C:4]([H:3])([H:31])[N:41]([H:42])[H:43])([C:11]([H:12])([H:13])[H:14])[N:21]([H:22])[H:23],46.15659379577904
[Br:1][C@:5]([C@:4]([H:3])([N:31]([H:32])[H:33])[C:41]([H:42])([H:43])[H:44])([C:11]#[N:12])[N:21]([H:22])[H:23].[F-:2]>>[Br-:1].[F:2][C@@:5]([C@:4]([H:3])([N:31]([H:32])[H:33])[C:41]([H:42])([H:43])[H:44])([C:11]#[N:12])[N:21]([H:22])[H:23],19.226873079598235
[F-:2].[F:1][C@:5]([C@:4]([H:3])([N+:31]([O-:32])[O:33])[C:41]#[N:42])([N+:11]([O-:12])[O:13])[H:21]>>[F-:1].[F:2][C@@:5]([C@:4]([H:3])([N+:31]([O-:32])[O:33])[C:41]#[N:42])([N+:11]([O-:12])[O:13])[H:21],5.056203681890391
[Br:1][C@:5]([C@:4]([H:3])([N:31]([H:32])[H:33])[C:41]([H:42])([H:43])[H:44])([C:11]([H:12])([H:13])[H:14])[N:21]([H:22])[H:23].[H-:2]>>[Br-:1].[H:2][C@@:5]([C@:4]([H:3])([N:31]([H:32])[H:33])[C:41]([H:42])([H:43])[H:44])([C:11]([H:12])([H:13])[H:14])[N:21]([H:22])[H:23],23.832361123358048
[Br:1][C@:5]([C:4]([H:3])([H:31])[H:41])([N:11]([H:12])[H:13])[H:21].[H-:2]>>[Br-:1].[H:2][C:5]([C:4]([H:3])([H:31])[H:41])([N:11]([H:12])[H:13])[H:21],12.451071887661652
[Cl-:2].[F:1][C:5]([C@:4]([H:3])([N:31]([H:32])[H:33])[N+:41]([O-:42])[O:43])([H:11])[H:21]>>[Cl:2][C:5]([C@:4]([H:3])([N:31]([H:32])[H:33])[N+:41]([O-:42])[O:43])([H:11])[H:21].[F-:1],40.78286227585267
[Br-:2].[F:1][C@:5]([C@:4]([H:3])([N:31]([H:32])[H:33])[C:41]#[N:42])([H:11])[N:21]([H:22])[H:23]>>[Br:2][C@@:5]([C@:4]([H:3])([N:31]([H:32])[H:33])[C:41]#[N:42])([H:11])[N:21]([H:22])[H:23].[F-:1],50.3577156637416
[Cl-:2].[Cl:1][C@:5]([C@:4]([H:3])([N:31]([H:32])[H:33])[N+:41]([O-:42])[O:43])([C:11]#[N:12])[H:21]>>[Cl-:1].[Cl:2][C@@:5]([C@:4]([H:3])([N:31]([H:32])[H:33])[N+:41]([O-:42])[O:43])([C:11]#[N:12])[H:21],31.35474784876884
[F-:2].[F:1][C@:5]([C:4]([H:3])([C:31]#[N:32])[H:41])([C:11]#[N:12])[N+:21]([O-:22])[O:23]>>[F-:1].[F:2][C@@:5]([C:4]([H:3])([C:31]#[N:32])[H:41])([C:11]#[N:12])[N+:21]([O-:22])[O:23],7.922261925488327
[Cl:1][C@:5]([C@:4]([H:3])([N:31]([H:32])[H:33])[C:41]#[N:42])([N+:11]([O-:12])[O:13])[N:21]([H:22])[H:23].[F-:2]>>[Cl-:1].[F:2][C@@:5]([C@:4]([H:3])([N:31]([H:32])[H:33])[C:41]#[N:42])([N+:11]([O-:12])[O:13])[N:21]([H:22])[H:23],26.76061225776217
[F-:2].[F:1][C@:5]([C:4]([H:3])([N:31]([H:32])[H:33])[H:41])([C:11]#[N:12])[C:21]([H:22])([H:23])[H:24]>>[F-:1].[F:2][C@@:5]([C:4]([H:3])([N:31]([H:32])[H:33])[H:41])([C:11]#[N:12])[C:21]([H:22])([H:23])[H:24],20.74373578650624
[Cl-:2].[Cl:1][C@:5]([C@:4]([H:3])([N:31]([H:32])[H:33])[C:41]([H:42])([H:43])[H:44])([H:11])[C:21]([H:22])([H:23])[H:24]>>[Cl-:1].[Cl:2][C@@:5]([C@:4]([H:3])([N:31]([H:32])[H:33])[C:41]([H:42])([H:43])[H:44])([H:11])[C:21]([H:22])([H:23])[H:24],30.12895104427496
[Cl-:2].[F:1][C@:5]([C:4]([H:3])([N:31]([H:32])[H:33])[N:41]([H:42])[H:43])([C:11]([H:12])([H:13])[H:14])[H:21]>>[Cl:2][C@@:5]([C:4]([H:3])([N:31]([H:32])[H:33])[N:41]([H:42])[H:43])([C:11]([H:12])([H:13])[H:14])[H:21].[F-:1],51.34998768219195
[Br:1][C@:5]([C@:4]([H:3])([N:31]([H:32])[H:33])[C:41]([H:42])([H:43])[H:44])([N+:11]([O-:12])[O:13])[C:21]([H:22])([H:23])[H:24].[H-:2]>>[Br-:1].[H:2][C@@:5]([C@:4]([H:3])([N:31]([H:32])[H:33])[C:41]([H:42])([H:43])[H:44])([N+:11]([O-:12])[O:13])[C:21]([H:22])([H:23])[H:24],6.987996324953374
[Cl-:2].[Cl:1][C@:5]([C@:4]([H:3])([N:31]([H:32])[H:33])[N+:41]([O-:42])[O:43])([H:11])[C:21]([H:22])([H:23])[H:24]>>[Cl-:1].[Cl:2][C@@:5]([C@:4]([H:3])([N:31]([H:32])[H:33])[N+:41]([O-:42])[O:43])([H:11])[C:21]([H:22])([H:23])[H:24],30.520118063582306
[Br-:2].[Br:1][C@:5]([C@:4]([H:3])([C:31]#[N:32])[C:41]([H:42])([H:43])[H:44])([C:11]([H:12])([H:13])[H:14])[C:21]#[N:22]>>[Br-:1].[Br:2][C@@:5]([C@:4]([H:3])([C:31]#[N:32])[C:41]([H:42])([H:43])[H:44])([C:11]([H:12])([H:13])[H:14])[C:21]#[N:22],31.85462471917985
[Br-:2].[F:1][C@:5]([C:4]([H:3])([N:31]([H:32])[H:33])[H:41])([C:11]([H:12])([H:13])[H:14])[C:21]#[N:22]>>[Br:2][C@@:5]([C:4]([H:3])([N:31]([H:32])[H:33])[H:41])([C:11]([H:12])([H:13])[H:14])[C:21]#[N:22].[F-:1],46.45736501636815
[F-:2].[F:1][C@:5]([C@:4]([H:3])([N:31]([H:32])[H:33])[C:41]([H:42])([H:43])[H:44])([N+:11]([O-:12])[O:13])[H:21]>>[F-:1].[F:2][C@@:5]([C@:4]([H:3])([N:31]([H:32])[H:33])[C:41]([H:42])([H:43])[H:44])([N+:11]([O-:12])[O:13])[H:21],29.64439406440083
[Cl:1][C@:5]([C@:4]([H:3])([N:31]([H:32])[H:33])[C:41]#[N:42])([C:11]([H:12])([H:13])[H:14])[N:21]([H:22])[H:23].[F-:2]>>[Cl-:1].[F:2][C@@:5]([C@:4]([H:3])([N:31]([H:32])[H:33])[C:41]#[N:42])([C:11]([H:12])([H:13])[H:14])[N:21]([H:22])[H:23],29.49372892794705
[Cl-:2].[F:1][C@:5]([C:4]([H:3])([H:31])[N+:41]([O-:42])[O:43])([H:11])[N:21]([H:22])[H:23]>>[Cl:2][C@@:5]([C:4]([H:3])([H:31])[N+:41]([O-:42])[O:43])([H:11])[N:21]([H:22])[H:23].[F-:1],49.88680360558892
[Cl-:2].[F:1][C@:5]([C:4]([H:3])([N:31]([H:32])[H:33])[H:41])([N:11]([H:12])[H:13])[N+:21]([O-:22])[O:23]>>[Cl:2][C@@:5]([C:4]([H:3])([N:31]([H:32])[H:33])[H:41])([N:11]([H:12])[H:13])[N+:21]([O-:22])[O:23].[F-:1],47.487906952973184
[Br:1][C@:5]([C:4]([H:3])([C:31]#[N:32])[H:41])([C:11]([H:12])([H:13])[H:14])[H:21].[Cl-:2]>>[Br-:1].[Cl:2][C@@:5]([C:4]([H:3])([C:31]#[N:32])[H:41])([C:11]([H:12])([H:13])[H:14])[H:21],19.269366773384327
[Cl:1][C:5]([C@:4]([H:3])([N:31]([H:32])[H:33])[C:41]#[N:42])([N:11]([H:12])[H:13])[N:21]([H:22])[H:23].[F-:2]>>[Cl-:1].[F:2][C:5]([C@:4]([H:3])([N:31]([H:32])[H:33])[C:41]#[N:42])([N:11]([H:12])[H:13])[N:21]([H:22])[H:23],32.26152453861454
[F:1][C@:5]([C:4]([H:3])([N:31]([H:32])[H:33])[N:41]([H:42])[H:43])([C:11]([H:12])([H:13])[H:14])[C:21]#[N:22].[H-:2]>>[F-:1].[H:2][C@@:5]([C:4]([H:3])([N:31]([H:32])[H:33])[N:41]([H:42])[H:43])([C:11]([H:12])([H:13])[H:14])[C:21]#[N:22],15.720056307885864
[Br:1][C@:5]([C@:4]([H:3])([C:31]#[N:32])[N:41]([H:42])[H:43])([H:11])[C:21]#[N:22].[Cl-:2]>>[Br-:1].[Cl:2][C@@:5]([C@:4]([H:3])([C:31]#[N:32])[N:41]([H:42])[H:43])([H:11])[C:21]#[N:22],21.615231966736435
[Br-:2].[Br:1][C@:5]([C:4]([H:3])([H:31])[N+:41]([O-:42])[O:43])([H:11])[C:21]#[N:22]>>[Br-:1].[Br:2][C@@:5]([C:4]([H:3])([H:31])[N+:41]([O-:42])[O:43])([H:11])[C:21]#[N:22],20.33819848549465
[Cl-:2].[F:1][C@:5]([C:4]([H:3])([N:31]([H:32])[H:33])[N:41]([H:42])[H:43])([C:11]([H:12])([H:13])[H:14])[C:21]#[N:22]>>[Cl:2][C@@:5]([C:4]([H:3])([N:31]([H:32])[H:33])[N:41]([H:42])[H:43])([C:11]([H:12])([H:13])[H:14])[C:21]#[N:22].[F-:1],48.83885008656472
[F-:2].[F:1][C@:5]([C@:4]([H:3])([N+:31]([O-:32])[O:33])[N:41]([H:42])[H:43])([N:11]([H:12])[H:13])[C:21]#[N:22]>>[F-:1].[F:2][C@@:5]([C@:4]([H:3])([N+:31]([O-:32])[O:33])[N:41]([H:42])[H:43])([N:11]([H:12])[H:13])[C:21]#[N:22],35.38457187432332
[Cl-:2].[Cl:1][C@:5]([C@:4]([H:3])([N:31]([H:32])[H:33])[C:41]([H:42])([H:43])[H:44])([C:11]([H:12])([H:13])[H:14])[C:21]#[N:22]>>[Cl-:1].[Cl:2][C@@:5]([C@:4]([H:3])([N:31]([H:32])[H:33])[C:41]([H:42])([H:43])[H:44])([C:11]([H:12])([H:13])[H:14])[C:21]#[N:22],36.29185634976189
[Cl-:2].[F:1][C:5]([C:4]([H:3])([H:31])[H:41])([C:11]([H:12])([H:13])[H:14])[C:21]#[N:22]>>[Cl:2][C:5]([C:4]([H:3])([H:31])[H:41])([C:11]([H:12])([H:13])[H:14])[C:21]#[N:22].[F-:1],40.93659033730536
[Cl-:2].[F:1][C@:5]([C:4]([H:3])([C:31]([H:32])([H:33])[H:34])[H:41])([N:11]([H:12])[H:13])[N+:21]([O-:22])[O:23]>>[Cl:2][C@@:5]([C:4]([H:3])([C:31]([H:32])([H:33])[H:34])[H:41])([N:11]([H:12])[H:13])[N+:21]([O-:22])[O:23].[F-:1],53.744006543950526
[F-:2].[F:1][C@:5]([C@:4]([H:3])([C:31]#[N:32])[C:41]([H:42])([H:43])[H:44])([H:11])[C:21]#[N:22]>>[F-:1].[F:2][C@@:5]([C@:4]([H:3])([C:31]#[N:32])[C:41]([H:42])([H:43])[H:44])([H:11])[C:21]#[N:22],19.2967573084964
[Cl:1][C@:5]([C:4]([H:3])([N+:31]([O-:32])[O:33])[H:41])([N:11]([H:12])[H:13])[C:21]#[N:22].[H-:2]>>[Cl-:1].[H:2][C@@:5]([C:4]([H:3])([N+:31]([O-:32])[O:33])[H:41])([N:11]([H:12])[H:13])[C:21]#[N:22],11.986786961708734
[Br-:2].[Cl:1][C@:5]([C:4]([H:3])([C:31]#[N:32])[H:41])([C:11]#[N:12])[H:21]>>[Br:2][C@@:5]([C:4]([H:3])([C:31]#[N:32])[H:41])([C:11]#[N:12])[H:21].[Cl-:1],27.000378132747823
[F:1][C@:5]([C:4]([H:3])([N+:31]([O-:32])[O:33])[H:41])([C:11]#[N:12])[C:21]([H:22])([H:23])[H:24].[H-:2]>>[F-:1].[H:2][C@@:5]([C:4]([H:3])([N+:31]([O-:32])[O:33])[H:41])([C:11]#[N:12])[C:21]([H:22])([H:23])[H:24],6.434463566363224
[Br-:2].[Cl:1][C@:5]([C@:4]([H:3])([C:31]#[N:32])[N:41]([H:42])[H:43])([H:11])[C:21]([H:22])([H:23])[H:24]>>[Br:2][C@@:5]([C@:4]([H:3])([C:31]#[N:32])[N:41]([H:42])[H:43])([H:11])[C:21]([H:22])([H:23])[H:24].[Cl-:1],32.79335415061002
[Cl:1][C@:5]([C:4]([H:3])([N:31]([H:32])[H:33])[N:41]([H:42])[H:43])([N:11]([H:12])[H:13])[C:21]#[N:22].[F-:2]>>[Cl-:1].[F:2][C@@:5]([C:4]([H:3])([N:31]([H:32])[H:33])[N:41]([H:42])[H:43])([N:11]([H:12])[H:13])[C:21]#[N:22],38.18591044531205
[Br-:2].[Cl:1][C:5]([C@:4]([H:3])([N+:31]([O-:32])[O:33])[N:41]([H:42])[H:43])([H:11])[H:21]>>[Br:2][C:5]([C@:4]([H:3])([N+:31]([O-:32])[O:33])[N:41]([H:42])[H:43])([H:11])[H:21].[Cl-:1],30.899168495794825
[Cl-:2].[Cl:1][C@:5]([C:4]([H:3])([N:31]([H:32])[H:33])[H:41])([C:11]#[N:12])[C:21]([H:22])([H:23])[H:24]>>[Cl-:1].[Cl:2][C@@:5]([C:4]([H:3])([N:31]([H:32])[H:33])[H:41])([C:11]#[N:12])[C:21]([H:22])([H:23])[H:24],26.73165493038496
[Cl:1][C@:5]([C@:4]([H:3])([C:31]#[N:32])[N:41]([H:42])[H:43])([N+:11]([O-:12])[O:13])[H:21].[F-:2]>>[Cl-:1].[F:2][C@@:5]([C@:4]([H:3])([C:31]#[N:32])[N:41]([H:42])[H:43])([N+:11]([O-:12])[O:13])[H:21],17.367347290617108
[Cl-:2].[Cl:1][C@:5]([C@:4]([H:3])([C:31]([H:32])([H:33])[H:34])[N:41]([H:42])[H:43])([N+:11]([O-:12])[O:13])[C:21]#[N:22]>>[Cl-:1].[Cl:2][C@@:5]([C@:4]([H:3])([C:31]([H:32])([H:33])[H:34])[N:41]([H:42])[H:43])([N+:11]([O-:12])[O:13])[C:21]#[N:22],31.249949901314867
[Br:1][C@:5]([C:4]([H:3])([C:31]([H:32])([H:33])[H:34])[H:41])([N+:11]([O-:12])[O:13])[N:21]([H:22])[H:23].[H-:2]>>[Br-:1].[H:2][C@@:5]([C:4]([H:3])([C:31]([H:32])([H:33])[H:34])[H:41])([N+:11]([O-:12])[O:13])[N:21]([H:22])[H:23],5.824334348966272
[F:1][C@:5]([C@:4]([H:3])([C:31]([H:32])([H:33])[H:34])[C:41]#[N:42])([C:11]([H:12])([H:13])[H:14])[C:21]#[N:22].[H-:2]>>[F-:1].[H:2][C@@:5]([C@:4]([H:3])([C:31]([H:32])([H:33])[H:34])[C:41]#[N:42])([C:11]([H:12])([H:13])[H:14])[C:21]#[N:22],11.406959091369824
[F:1][C@:5]([C@:4]([H:3])([N+:31]([O-:32])[O:33])[N:41]([H:42])[H:43])([H:11])[N:21]([H:22])[H:23].[H-:2]>>[F-:1].[H:2][C:5]([C@:4]([H:3])([N+:31]([O-:32])[O:33])[N:41]([H:42])[H:43])([H:11])[N:21]([H:22])[H:23],34.762410407348966
[Cl-:2].[F:1][C@:5]([C:4]([H:3])([H:31])[C:41]([H:42])([H:43])[H:44])([C:11]([H:12])([H:13])[H:14])[H:21]>>[Cl:2][C@@:5]([C:4]([H:3])([H:31])[C:41]([H:42])([H:43])[H:44])([C:11]([H:12])([H:13])[H:14])[H:21].[F-:1],47.58797598119528
[Cl:1][C@:5]([C@:4]([H:3])([C:31]#[N:32])[C:41]([H:42])([H:43])[H:44])([C:11]([H:12])([H:13])[H:14])[C:21]#[N:22].[F-:2]>>[Cl-:1].[F:2][C@@:5]([C@:4]([H:3])([C:31]#[N:32])[C:41]([H:42])([H:43])[H:44])([C:11]([H:12])([H:13])[H:14])[C:21]#[N:22],19.28529562847459
[Cl:1][C@:5]([C@:4]([H:3])([C:31]([H:32])([H:33])[H:34])[C:41]#[N:42])([H:11])[N:21]([H:22])[H:23].[H-:2]>>[Cl-:1].[H:2][C:5]([C@:4]([H:3])([C:31]([H:32])([H:33])[H:34])[C:41]#[N:42])([H:11])[N:21]([H:22])[H:23],18.36281605956761
[Br:1][C@:5]([C:4]([H:3])([H:31])[C:41]#[N:42])([C:11]#[N:12])[C:21]([H:22])([H:23])[H:24].[H-:2]>>[Br-:1].[H:2][C@@:5]([C:4]([H:3])([H:31])[C:41]#[N:42])([C:11]#[N:12])[C:21]([H:22])([H:23])[H:24],2.4291507967342456
[Br-:2].[F:1][C@:5]([C:4]([H:3])([C:31]([H:32])([H:33])[H:34])[C:41]([H:42])([H:43])[H:44])([C:11]([H:12])([H:13])[H:14])[C:21]#[N:22]>>[Br:2][C@@:5]([C:4]([H:3])([C:31]([H:32])([H:33])[H:34])[C:41]([H:42])([H:43])[H:44])([C:11]([H:12])([H:13])[H:14])[C:21]#[N:22].[F-:1],45.39269813856985
[Cl:1][C@:5]([C:4]([H:3])([H:31])[C:41]#[N:42])([N+:11]([O-:12])[O:13])[N:21]([H:22])[H:23].[H-:2]>>[Cl-:1].[H:2][C@@:5]([C:4]([H:3])([H:31])[C:41]#[N:42])([N+:11]([O-:12])[O:13])[N:21]([H:22])[H:23],13.011815852053196
[Cl:1][C@:5]([C:4]([H:3])([N+:31]([O-:32])[O:33])[H:41])([C:11]#[N:12])[H:21].[F-:2]>>[Cl-:1].[F:2][C@@:5]([C:4]([H:3])([N+:31]([O-:32])[O:33])[H:41])([C:11]#[N:12])[H:21],6.7071014881323805
[Cl:1][C@:5]([C:4]([H:3])([H:31])[C:41]([H:42])([H:43])[H:44])([C:11]#[N:12])[N:21]([H:22])[H:23].[F-:2]>>[Cl-:1].[F:2][C@@:5]([C:4]([H:3])([H:31])[C:41]([H:42])([H:43])[H:44])([C:11]#[N:12])[N:21]([H:22])[H:23],16.576690902493592
[F-:2].[F:1][C@:5]([C@:4]([H:3])([C:31]#[N:32])[N:41]([H:42])[H:43])([C:11]#[N:12])[H:21]>>[F-:1].[F:2][C@@:5]([C@:4]([H:3])([C:31]#[N:32])[N:41]([H:42])[H:43])([C:11]#[N:12])[H:21],24.02608596466849
[Cl:1][C@:5]([C@:4]([H:3])([C:31]#[N:32])[C:41]([H:42])([H:43])[H:44])([C:11]#[N:12])[N:21]([H:22])[H:23].[H-:2]>>[Cl-:1].[H:2][C@@:5]([C@:4]([H:3])([C:31]#[N:32])[C:41]([H:42])([H:43])[H:44])([C:11]#[N:12])[N:21]([H:22])[H:23],7.68615631996412
[Cl-:2].[Cl:1][C@:5]([C@:4]([H:3])([C:31]#[N:32])[C:41]([H:42])([H:43])[H:44])([H:11])[C:21]#[N:22]>>[Cl-:1].[Cl:2][C@@:5]([C@:4]([H:3])([C:31]#[N:32])[C:41]([H:42])([H:43])[H:44])([H:11])[C:21]#[N:22],20.849312361133315
[F:1][C@:5]([C:4]([H:3])([N+:31]([O-:32])[O:33])[H:41])([N+:11]([O-:12])[O:13])[N:21]([H:22])[H:23].[H-:2]>>[F-:1].[H:2][C@@:5]([C:4]([H:3])([N+:31]([O-:32])[O:33])[H:41])([N+:11]([O-:12])[O:13])[N:21]([H:22])[H:23],14.701035304024728
[Cl:1][C@:5]([C@:4]([H:3])([N+:31]([O-:32])[O:33])[N:41]([H:42])[H:43])([N:11]([H:12])[H:13])[C:21]#[N:22].[H-:2]>>[Cl-:1].[H:2][C@@:5]([C@:4]([H:3])([N+:31]([O-:32])[O:33])[N:41]([H:42])[H:43])([N:11]([H:12])[H:13])[C:21]#[N:22],15.825257701806931
[Br-:2].[F:1][C:5]([C@:4]([H:3])([N+:31]([O-:32])[O:33])[N:41]([H:42])[H:43])([H:11])[H:21]>>[Br:2][C:5]([C@:4]([H:3])([N+:31]([O-:32])[O:33])[N:41]([H:42])[H:43])([H:11])[H:21].[F-:1],44.08428071562536
[Cl:1][C@:5]([C:4]([H:3])([H:31])[C:41]#[N:42])([N+:11]([O-:12])[O:13])[H:21].[H-:2]>>[Cl-:1].[H:2][C:5]([C:4]([H:3])([H:31])[C:41]#[N:42])([N+:11]([O-:12])[O:13])[H:21],2.4028655359909887
[Cl-:2].[Cl:1][C@:5]([C:4]([H:3])([H:31])[C:41]#[N:42])([N:11]([H:12])[H:13])[N+:21]([O-:22])[O:23]>>[Cl-:1].[Cl:2][C@@:5]([C:4]([H:3])([H:31])[C:41]#[N:42])([N:11]([H:12])[H:13])[N+:21]([O-:22])[O:23],37.60329462973978
[Cl-:2].[Cl:1][C@:5]([C@:4]([H:3])([C:31]#[N:32])[N:41]([H:42])[H:43])([C:11]#[N:12])[C:21]([H:22])([H:23])[H:24]>>[Cl-:1].[Cl:2][C@@:5]([C@:4]([H:3])([C:31]#[N:32])[N:41]([H:42])[H:43])([C:11]#[N:12])[C:21]([H:22])([H:23])[H:24],26.43139500534345
[Br:1][C:5]([C@:4]([H:3])([N:31]([H:32])[H:33])[C:41]([H:42])([H:43])[H:44])([H:11])[H:21].[H-:2]>>[Br-:1].[H:2][C:5]([C:4]([H:3])([N:31]([H:32])[H:33])[C:41]([H:42])([H:43])[H:44])([H:11])[H:21],11.079755689927692
[Cl-:2].[Cl:1][C@:5]([C:4]([H:3])([H:31])[C:41]#[N:42])([H:11])[C:21]#[N:22]>>[Cl-:1].[Cl:2][C@@:5]([C:4]([H:3])([H:31])[C:41]#[N:42])([H:11])[C:21]#[N:22],19.76762444709176
[Br:1][C@:5]([C:4]([H:3])([H:31])[N:41]([H:42])[H:43])([N+:11]([O-:12])[O:13])[C:21]#[N:22].[Cl-:2]>>[Br-:1].[Cl:2][C@@:5]([C:4]([H:3])([H:31])[N:41]([H:42])[H:43])([N+:11]([O-:12])[O:13])[C:21]#[N:22],32.136541436713074
[Cl-:2].[Cl:1][C:5]([C@:4]([H:3])([C:31]#[N:32])[C:41]([H:42])([H:43])[H:44])([C:11]([H:12])([H:13])[H:14])[C:21]([H:22])([H:23])[H:24]>>[Cl-:1].[Cl:2][C:5]([C@:4]([H:3])([C:31]#[N:32])[C:41]([H:42])([H:43])[H:44])([C:11]([H:12])([H:13])[H:14])[C:21]([H:22])([H:23])[H:24],30.70588619060513
[Cl-:2].[Cl:1][C:5]([C:4]([H:3])([N:31]([H:32])[H:33])[H:41])([C:11]#[N:12])[C:21]#[N:22]>>[Cl-:1].[Cl:2][C:5]([C:4]([H:3])([N:31]([H:32])[H:33])[H:41])([C:11]#[N:12])[C:21]#[N:22],19.40991095703041
[Br:1][C:5]([C:4]([H:3])([C:31]#[N:32])[H:41])([C:11]([H:12])([H:13])[H:14])[C:21]([H:22])([H:23])[H:24].[F-:2]>>[Br-:1].[F:2][C:5]([C:4]([H:3])([C:31]#[N:32])[H:41])([C:11]([H:12])([H:13])[H:14])[C:21]([H:22])([H:23])[H:24],15.563756307488742
[F:1][C@:5]([C:4]([H:3])([C:31]#[N:32])[C:41]#[N:42])([C:11]#[N:12])[H:21].[H-:2]>>[F-:1].[H:2][C:5]([C:4]([H:3])([C:31]#[N:32])[C:41]#[N:42])([C:11]#[N:12])[H:21],14.340939704516735
[Cl:1][C@:5]([C:4]([H:3])([H:31])[C:41]#[N:42])([N:11]([H:12])[H:13])[N+:21]([O-:22])[O:23].[F-:2]>>[Cl-:1].[F:2][C@@:5]([C:4]([H:3])([H:31])[C:41]#[N:42])([N:11]([H:12])[H:13])[N+:21]([O-:22])[O:23],23.003181314395
[Br:1][C@:5]([C@:4]([H:3])([C:31]([H:32])([H:33])[H:34])[N:41]([H:42])[H:43])([H:11])[C:21]#[N:22].[Cl-:2]>>[Br-:1].[Cl:2][C@@:5]([C@:4]([H:3])([C:31]([H:32])([H:33])[H:34])[N:41]([H:42])[H:43])([H:11])[C:21]#[N:22],23.903125387399893
[Cl:1][C@:5]([C@:4]([H:3])([C:31]([H:32])([H:33])[H:34])[C:41]#[N:42])([N+:11]([O-:12])[O:13])[H:21].[F-:2]>>[Cl-:1].[F:2][C@@:5]([C@:4]([H:3])([C:31]([H:32])([H:33])[H:34])[C:41]#[N:42])([N+:11]([O-:12])[O:13])[H:21],4.9545726496917
[Br-:2].[F:1][C@:5]([C:4]([H:3])([C:31]#[N:32])[C:41]#[N:42])([C:11]([H:12])([H:13])[H:14])[H:21]>>[Br:2][C@@:5]([C:4]([H:3])([C:31]#[N:32])[C:41]#[N:42])([C:11]([H:12])([H:13])[H:14])[H:21].[F-:1],48.30362699278739
[Cl:1][C:5]([C:4]([H:3])([H:31])[C:41]([H:42])([H:43])[H:44])([C:11]([H:12])([H:13])[H:14])[C:21]([H:22])([H:23])[H:24].[F-:2]>>[Cl-:1].[F:2][C:5]([C:4]([H:3])([H:31])[C:41]([H:42])([H:43])[H:44])([C:11]([H:12])([H:13])[H:14])[C:21]([H:22])([H:23])[H:24],20.22785380784285
[F-:2].[F:1][C:5]([C@:4]([H:3])([C:31]#[N:32])[C:41]([H:42])([H:43])[H:44])([C:11]#[N:12])[C:21]#[N:22]>>[F-:1].[F:2][C:5]([C@:4]([H:3])([C:31]#[N:32])[C:41]([H:42])([H:43])[H:44])([C:11]#[N:12])[C:21]#[N:22],14.50656096876298
[Br:1][C:5]([C@:4]([H:3])([N:31]([H:32])[H:33])[C:41]#[N:42])([H:11])[H:21].[F-:2]>>[Br-:1].[F:2][C:5]([C@:4]([H:3])([N:31]([H:32])[H:33])[C:41]#[N:42])([H:11])[H:21],17.524810182230688
[Cl-:2].[F:1][C:5]([C@:4]([H:3])([C:31]#[N:32])[N:41]([H:42])[H:43])([H:11])[H:21]>>[Cl:2][C:5]([C@:4]([H:3])([C:31]#[N:32])[N:41]([H:42])[H:43])([H:11])[H:21].[F-:1],42.17829732716218
[Cl-:2].[F:1][C@:5]([C@:4]([H:3])([C:31]#[N:32])[C:41]([H:42])([H:43])[H:44])([C:11]([H:12])([H:13])[H:14])[N+:21]([O-:22])[O:23]>>[Cl:2][C@@:5]([C@:4]([H:3])([C:31]#[N:32])[C:41]([H:42])([H:43])[H:44])([C:11]([H:12])([H:13])[H:14])[N+:21]([O-:22])[O:23].[F-:1],42.61271265968431
[Br-:2].[Cl:1][C@:5]([C@:4]([H:3])([C:31]([H:32])([H:33])[H:34])[C:41]#[N:42])([H:11])[C:21]#[N:22]>>[Br:2][C@@:5]([C@:4]([H:3])([C:31]([H:32])([H:33])[H:34])[C:41]#[N:42])([H:11])[C:21]#[N:22].[Cl-:1],28.65824698673568
[F:1][C@:5]([C@:4]([H:3])([C:31]([H:32])([H:33])[H:34])[N:41]([H:42])[H:43])([C:11]#[N:12])[C:21]([H:22])([H:23])[H:24].[H-:2]>>[F-:1].[H:2][C@@:5]([C@:4]([H:3])([C:31]([H:32])([H:33])[H:34])[N:41]([H:42])[H:43])([C:11]#[N:12])[C:21]([H:22])([H:23])[H:24],22.41087669082344
[Br:1][C@:5]([C:4]([H:3])([H:31])[N:41]([H:42])[H:43])([H:11])[C:21]([H:22])([H:23])[H:24].[Cl-:2]>>[Br-:1].[Cl:2][C@@:5]([C:4]([H:3])([H:31])[N:41]([H:42])[H:43])([H:11])[C:21]([H:22])([H:23])[H:24],26.402222797530406
[F-:2].[F:1][C:5]([C@:4]([H:3])([N+:31]([O-:32])[O:33])[C:41]#[N:42])([H:11])[H:21]>>[F-:1].[F:2][C:5]([C@:4]([H:3])([N+:31]([O-:32])[O:33])[C:41]#[N:42])([H:11])[H:21],13.367461334525425
[Cl-:2].[F:1][C@:5]([C:4]([H:3])([C:31]#[N:32])[H:41])([C:11]#[N:12])[C:21]([H:22])([H:23])[H:24]>>[Cl:2][C@@:5]([C:4]([H:3])([C:31]#[N:32])[H:41])([C:11]#[N:12])[C:21]([H:22])([H:23])[H:24].[F-:1],31.834813537099013
[Br:1][C@:5]([C@:4]([H:3])([C:31]([H:32])([H:33])[H:34])[C:41]#[N:42])([C:11]([H:12])([H:13])[H:14])[C:21]#[N:22].[Cl-:2]>>[Br-:1].[Cl:2][C@@:5]([C@:4]([H:3])([C:31]([H:32])([H:33])[H:34])[C:41]#[N:42])([C:11]([H:12])([H:13])[H:14])[C:21]#[N:22],29.724857753914204
[F:1][C@:5]([C:4]([H:3])([H:31])[H:41])([H:11])[C:21]#[N:22].[H-:2]>>[F-:1].[H:2][C:5]([C:4]([H:3])([H:31])[H:41])([H:11])[C:21]#[N:22],4.504053087887602
[F-:2].[F:1][C@:5]([C:4]([H:3])([H:31])[N:41]([H:42])[H:43])([H:11])[N+:21]([O-:22])[O:23]>>[F-:1].[F:2][C@@:5]([C:4]([H:3])([H:31])[N:41]([H:42])[H:43])([H:11])[N+:21]([O-:22])[O:23],21.91290116194704
[F-:2].[F:1][C:5]([C:4]([H:3])([H:31])[C:41]([H:42])([H:43])[H:44])([C:11]#[N:12])[C:21]#[N:22]>>[F-:1].[F:2][C:5]([C:4]([H:3])([H:31])[C:41]([H:42])([H:43])[H:44])([C:11]#[N:12])[C:21]#[N:22],11.991701664567609
[F:1][C@:5]([C@:4]([H:3])([C:31]([H:32])([H:33])[H:34])[N:41]([H:42])[H:43])([H:11])[C:21]#[N:22].[H-:2]>>[F-:1].[H:2][C:5]([C@:4]([H:3])([C:31]([H:32])([H:33])[H:34])[N:41]([H:42])[H:43])([H:11])[C:21]#[N:22],15.797271226270263
[Cl-:2].[Cl:1][C@:5]([C:4]([H:3])([N:31]([H:32])[H:33])[N:41]([H:42])[H:43])([H:11])[C:21]([H:22])([H:23])[H:24]>>[Cl-:1].[Cl:2][C@@:5]([C:4]([H:3])([N:31]([H:32])[H:33])[N:41]([H:42])[H:43])([H:11])[C:21]([H:22])([H:23])[H:24],37.811037669418525
[Br-:2].[F:1][C:5]([C@:4]([H:3])([C:31]([H:32])([H:33])[H:34])[N:41]([H:42])[H:43])([H:11])[H:21]>>[Br:2][C:5]([C@:4]([H:3])([C:31]([H:32])([H:33])[H:34])[N:41]([H:42])[H:43])([H:11])[H:21].[F-:1],49.22315995785541
[F-:2].[F:1][C@:5]([C:4]([H:3])([C:31]([H:32])([H:33])[H:34])[C:41]([H:42])([H:43])[H:44])([C:11]([H:12])([H:13])[H:14])[N:21]([H:22])[H:23]>>[F-:1].[F:2][C@@:5]([C:4]([H:3])([C:31]([H:32])([H:33])[H:34])[C:41]([H:42])([H:43])[H:44])([C:11]([H:12])([H:13])[H:14])[N:21]([H:22])[H:23],40.42318450185081
[F-:2].[F:1][C:5]([C:4]([H:3])([H:31])[C:41]([H:42])([H:43])[H:44])([H:11])[H:21]>>[F-:1].[F:2][C:5]([C:4]([H:3])([H:31])[C:41]([H:42])([H:43])[H:44])([H:11])[H:21],17.84820524433409
[Cl:1][C:5]([C:4]([H:3])([N+:31]([O-:32])[O:33])[N+:41]([O-:42])[O:43])([H:11])[H:21].[F-:2]>>[Cl-:1].[F:2][C:5]([C:4]([H:3])([N+:31]([O-:32])[O:33])[N+:41]([O-:42])[O:43])([H:11])[H:21],16.28430848813777
[Cl-:2].[Cl:1][C@:5]([C:4]([H:3])([H:31])[N+:41]([O-:42])[O:43])([H:11])[N+:21]([O-:22])[O:23]>>[Cl-:1].[Cl:2][C@@:5]([C:4]([H:3])([H:31])[N+:41]([O-:42])[O:43])([H:11])[N+:21]([O-:22])[O:23],21.435219280043057
[F:1][C:5]([C:4]([H:3])([N+:31]([O-:32])[O:33])[H:41])([C:11]([H:12])([H:13])[H:14])[C:21]([H:22])([H:23])[H:24].[H-:2]>>[F-:1].[H:2][C:5]([C:4]([H:3])([N+:31]([O-:32])[O:33])[H:41])([C:11]([H:12])([H:13])[H:14])[C:21]([H:22])([H:23])[H:24],21.4710936175757
[Br:1][C@:5]([C:4]([H:3])([H:31])[N:41]([H:42])[H:43])([H:11])[N+:21]([O-:22])[O:23].[Cl-:2]>>[Br-:1].[Cl:2][C@@:5]([C:4]([H:3])([H:31])[N:41]([H:42])[H:43])([H:11])[N+:21]([O-:22])[O:23],22.932276540048147
[Cl-:2].[Cl:1][C@:5]([C@:4]([H:3])([N:31]([H:32])[H:33])[C:41]([H:42])([H:43])[H:44])([N+:11]([O-:12])[O:13])[H:21]>>[Cl-:1].[Cl:2][C@@:5]([C@:4]([H:3])([N:31]([H:32])[H:33])[C:41]([H:42])([H:43])[H:44])([N+:11]([O-:12])[O:13])[H:21],30.163760385775213
[Br-:2].[Cl:1][C:5]([C@:4]([H:3])([N:31]([H:32])[H:33])[C:41]#[N:42])([C:11]([H:12])([H:13])[H:14])[C:21]([H:22])([H:23])[H:24]>>[Br:2][C:5]([C@:4]([H:3])([N:31]([H:32])[H:33])[C:41]#[N:42])([C:11]([H:12])([H:13])[H:14])[C:21]([H:22])([H:23])[H:24].[Cl-:1],48.1365360529017
[Br-:2].[Cl:1][C@:5]([C:4]([H:3])([N:31]([H:32])[H:33])[H:41])([C:11]#[N:12])[C:21]([H:22])([H:23])[H:24]>>[Br:2][C@@:5]([C:4]([H:3])([N:31]([H:32])[H:33])[H:41])([C:11]#[N:12])[C:21]([H:22])([H:23])[H:24].[Cl-:1],32.37234146768087
[F-:2].[F:1][C@:5]([C:4]([H:3])([H:31])[N+:41]([O-:42])[O:43])([C:11]([H:12])([H:13])[H:14])[C:21]#[N:22]>>[F-:1].[F:2][C@@:5]([C:4]([H:3])([H:31])[N+:41]([O-:42])[O:43])([C:11]([H:12])([H:13])[H:14])[C:21]#[N:22],19.787738429680907
[Cl-:2].[F:1][C@:5]([C@:4]([H:3])([C:31]#[N:32])[N+:41]([O-:42])[O:43])([H:11])[N+:21]([O-:22])[O:23]>>[Cl:2][C@@:5]([C@:4]([H:3])([C:31]#[N:32])[N+:41]([O-:42])[O:43])([H:11])[N+:21]([O-:22])[O:23].[F-:1],34.716006368089275
[F:1][C@:5]([C@:4]([H:3])([N+:31]([O-:32])[O:33])[C:41]([H:42])([H:43])[H:44])([C:11]#[N:12])[N:21]([H:22])[H:23].[H-:2]>>[F-:1].[H:2][C@@:5]([C@:4]([H:3])([N+:31]([O-:32])[O:33])[C:41]([H:42])([H:43])[H:44])([C:11]#[N:12])[N:21]([H:22])[H:23],20.725941379364663
[Cl:1][C@:5]([C@:4]([H:3])([C:31]([H:32])([H:33])[H:34])[N:41]([H:42])[H:43])([N+:11]([O-:12])[O:13])[C:21]([H:22])([H:23])[H:24].[F-:2]>>[Cl-:1].[F:2][C@@:5]([C@:4]([H:3])([C:31]([H:32])([H:33])[H:34])[N:41]([H:42])[H:43])([N+:11]([O-:12])[O:13])[C:21]([H:22])([H:23])[H:24],23.8761262174966
[Br-:2].[Cl:1][C@:5]([C@:4]([H:3])([C:31]#[N:32])[N:41]([H:42])[H:43])([H:11])[N+:21]([O-:22])[O:23]>>[Br:2][C@@:5]([C@:4]([H:3])([C:31]#[N:32])[N:41]([H:42])[H:43])([H:11])[N+:21]([O-:22])[O:23].[Cl-:1],27.50386519089416
[Cl:1][C@:5]([C:4]([H:3])([H:31])[C:41]([H:42])([H:43])[H:44])([H:11])[N:21]([H:22])[H:23].[F-:2]>>[Cl-:1].[F:2][C@@:5]([C:4]([H:3])([H:31])[C:41]([H:42])([H:43])[H:44])([H:11])[N:21]([H:22])[H:23],14.389366296702976
[Cl-:2].[F:1][C@:5]([C:4]([H:3])([N:31]([H:32])[H:33])[N:41]([H:42])[H:43])([H:11])[C:21]#[N:22]>>[Cl:2][C@@:5]([C:4]([H:3])([N:31]([H:32])[H:33])[N:41]([H:42])[H:43])([H:11])[C:21]#[N:22].[F-:1],49.42551084015998
[Br:1][C@:5]([C@:4]([H:3])([N:31]([H:32])[H:33])[C:41]([H:42])([H:43])[H:44])([C:11]([H:12])([H:13])[H:14])[H:21].[Cl-:2]>>[Br-:1].[Cl:2][C@@:5]([C@:4]([H:3])([N:31]([H:32])[H:33])[C:41]([H:42])([H:43])[H:44])([C:11]([H:12])([H:13])[H:14])[H:21],28.15475059888699
[Br:1][C@:5]([C@:4]([H:3])([C:31]#[N:32])[C:41]([H:42])([H:43])[H:44])([H:11])[C:21]([H:22])([H:23])[H:24].[F-:2]>>[Br-:1].[F:2][C@@:5]([C@:4]([H:3])([C:31]#[N:32])[C:41]([H:42])([H:43])[H:44])([H:11])[C:21]([H:22])([H:23])[H:24],11.562644116505794
[Br-:2].[Cl:1][C:5]([C:4]([H:3])([H:31])[H:41])([C:11]([H:12])([H:13])[H:14])[C:21]#[N:22]>>[Br:2][C:5]([C:4]([H:3])([H:31])[H:41])([C:11]([H:12])([H:13])[H:14])[C:21]#[N:22].[Cl-:1],29.39895169535657
[Cl:1][C@:5]([C:4]([H:3])([H:31])[N+:41]([O-:42])[O:43])([C:11]#[N:12])[H:21].[F-:2]>>[Cl-:1].[F:2][C@@:5]([C:4]([H:3])([H:31])[N+:41]([O-:42])[O:43])([C:11]#[N:12])[H:21],13.882691154541574
[Br-:2].[Cl:1][C:5]([C:4]([H:3])([N:31]([H:32])[H:33])[N:41]([H:42])[H:43])([H:11])[H:21]>>[Br:2][C:5]([C:4]([H:3])([N:31]([H:32])[H:33])[N:41]([H:42])[H:43])([H:11])[H:21].[Cl-:1],40.11794752354145
[Cl-:2].[F:1][C@:5]([C:4]([H:3])([H:31])[C:41]#[N:42])([H:11])[C:21]([H:22])([H:23])[H:24]>>[Cl:2][C@@:5]([C:4]([H:3])([H:31])[C:41]#[N:42])([H:11])[C:21]([H:22])([H:23])[H:24].[F-:1],43.20692774265803
[F:1][C@:5]([C@:4]([H:3])([N:31]([H:32])[H:33])[C:41]([H:42])([H:43])[H:44])([N:11]([H:12])[H:13])[H:21].[H-:2]>>[F-:1].[H:2][C:5]([C@:4]([H:3])([N:31]([H:32])[H:33])[C:41]([H:42])([H:43])[H:44])([N:11]([H:12])[H:13])[H:21],32.32045688319573
[Cl-:2].[F:1][C@:5]([C:4]([H:3])([C:31]#[N:32])[C:41]#[N:42])([N:11]([H:12])[H:13])[C:21]#[N:22]>>[Cl:2][C@@:5]([C:4]([H:3])([C:31]#[N:32])[C:41]#[N:42])([N:11]([H:12])[H:13])[C:21]#[N:22].[F-:1],47.67869990033811
[F-:2].[F:1][C:5]([C:4]([H:3])([N+:31]([O-:32])[O:33])[H:41])([C:11]([H:12])([H:13])[H:14])[C:21]([H:22])([H:23])[H:24]>>[F-:1].[F:2][C:5]([C:4]([H:3])([N+:31]([O-:32])[O:33])[H:41])([C:11]([H:12])([H:13])[H:14])[C:21]([H:22])([H:23])[H:24],30.313018989705306
[Br-:2].[Cl:1][C@:5]([C:4]([H:3])([N:31]([H:32])[H:33])[N:41]([H:42])[H:43])([H:11])[C:21]#[N:22]>>[Br:2][C@@:5]([C:4]([H:3])([N:31]([H:32])[H:33])[N:41]([H:42])[H:43])([H:11])[C:21]#[N:22].[Cl-:1],29.99619937837089
[Br-:2].[Br:1][C:5]([C:4]([H:3])([H:31])[N:41]([H:42])[H:43])([H:11])[H:21]>>[Br-:1].[Br:2][C:5]([C:4]([H:3])([H:31])[N:41]([H:42])[H:43])([H:11])[H:21],27.60980658170629
[F:1][C@:5]([C@:4]([H:3])([N+:31]([O-:32])[O:33])[C:41]([H:42])([H:43])[H:44])([N+:11]([O-:12])[O:13])[N:21]([H:22])[H:23].[H-:2]>>[F-:1].[H:2][C@@:5]([C@:4]([H:3])([N+:31]([O-:32])[O:33])[C:41]([H:42])([H:43])[H:44])([N+:11]([O-:12])[O:13])[N:21]([H:22])[H:23],16.790595276691434
[F-:2].[F:1][C@:5]([C@:4]([H:3])([C:31]([H:32])([H:33])[H:34])[N:41]([H:42])[H:43])([N+:11]([O-:12])[O:13])[N:21]([H:22])[H:23]>>[F-:1].[F:2][C@@:5]([C@:4]([H:3])([C:31]([H:32])([H:33])[H:34])[N:41]([H:42])[H:43])([N+:11]([O-:12])[O:13])[N:21]([H:22])[H:23],35.64013265630773
[Cl-:2].[Cl:1][C@:5]([C:4]([H:3])([H:31])[C:41]#[N:42])([N+:11]([O-:12])[O:13])[N:21]([H:22])[H:23]>>[Cl-:1].[Cl:2][C@@:5]([C:4]([H:3])([H:31])[C:41]#[N:42])([N+:11]([O-:12])[O:13])[N:21]([H:22])[H:23],37.39690949720822
[Cl-:2].[F:1][C@:5]([C:4]([H:3])([H:31])[C:41]([H:42])([H:43])[H:44])([H:11])[C:21]([H:22])([H:23])[H:24]>>[Cl:2][C@@:5]([C:4]([H:3])([H:31])[C:41]([H:42])([H:43])[H:44])([H:11])[C:21]([H:22])([H:23])[H:24].[F-:1],43.24015598441369
[F-:2].[F:1][C:5]([C:4]([H:3])([H:31])[H:41])([C:11]([H:12])([H:13])[H:14])[N+:21]([O-:22])[O:23]>>[F-:1].[F:2][C:5]([C:4]([H:3])([H:31])[H:41])([C:11]([H:12])([H:13])[H:14])[N+:21]([O-:22])[O:23],15.703108851216143
[Br-:2].[Cl:1][C@:5]([C:4]([H:3])([H:31])[N:41]([H:42])[H:43])([H:11])[C:21]#[N:22]>>[Br:2][C@@:5]([C:4]([H:3])([H:31])[N:41]([H:42])[H:43])([H:11])[C:21]#[N:22].[Cl-:1],27.70397371925137
[Br:1][C@:5]([C:4]([H:3])([H:31])[C:41]#[N:42])([C:11]#[N:12])[C:21]([H:22])([H:23])[H:24].[Cl-:2]>>[Br-:1].[Cl:2][C@@:5]([C:4]([H:3])([H:31])[C:41]#[N:42])([C:11]#[N:12])[C:21]([H:22])([H:23])[H:24],25.47722375727973
[Br:1][C:5]([C:4]([H:3])([C:31]#[N:32])[C:41]#[N:42])([N:11]([H:12])[H:13])[N:21]([H:22])[H:23].[F-:2]>>[Br-:1].[F:2][C:5]([C:4]([H:3])([C:31]#[N:32])[C:41]#[N:42])([N:11]([H:12])[H:13])[N:21]([H:22])[H:23],27.361551152963504
[Cl-:2].[Cl:1][C@:5]([C:4]([H:3])([C:31]([H:32])([H:33])[H:34])[H:41])([C:11]([H:12])([H:13])[H:14])[H:21]>>[Cl-:1].[Cl:2][C@@:5]([C:4]([H:3])([C:31]([H:32])([H:33])[H:34])[H:41])([C:11]([H:12])([H:13])[H:14])[H:21],26.180006971795365
[F:1][C:5]([C@:4]([H:3])([C:31]#[N:32])[N:41]([H:42])[H:43])([C:11]([H:12])([H:13])[H:14])[C:21]([H:22])([H:23])[H:24].[H-:2]>>[F-:1].[H:2][C:5]([C@:4]([H:3])([C:31]#[N:32])[N:41]([H:42])[H:43])([C:11]([H:12])([H:13])[H:14])[C:21]([H:22])([H:23])[H:24],33.38786583522234
[Cl:1][C@:5]([C@:4]([H:3])([C:31]#[N:32])[N:41]([H:42])[H:43])([N:11]([H:12])[H:13])[H:21].[H-:2]>>[Cl-:1].[H:2][C:5]([C@:4]([H:3])([C:31]#[N:32])[N:41]([H:42])[H:43])([N:11]([H:12])[H:13])[H:21],21.2160119911146
[Br:1][C@:5]([C@:4]([H:3])([N:31]([H:32])[H:33])[C:41]#[N:42])([C:11]#[N:12])[H:21].[F-:2]>>[Br-:1].[F:2][C@@:5]([C@:4]([H:3])([N:31]([H:32])[H:33])[C:41]#[N:42])([C:11]#[N:12])[H:21],17.944595893032957
[Br:1][C@:5]([C@:4]([H:3])([N+:31]([O-:32])[O:33])[C:41]([H:42])([H:43])[H:44])([N+:11]([O-:12])[O:13])[H:21].[Cl-:2]>>[Br-:1].[Cl:2][C@@:5]([C@:4]([H:3])([N+:31]([O-:32])[O:33])[C:41]([H:42])([H:43])[H:44])([N+:11]([O-:12])[O:13])[H:21],21.555586980452823
[Cl:1][C@:5]([C:4]([H:3])([H:31])[N+:41]([O-:42])[O:43])([C:11]([H:12])([H:13])[H:14])[C:21]#[N:22].[H-:2]>>[Cl-:1].[H:2][C@@:5]([C:4]([H:3])([H:31])[N+:41]([O-:42])[O:43])([C:11]([H:12])([H:13])[H:14])[C:21]#[N:22],2.474051382966996
[F:1][C@:5]([C:4]([H:3])([N+:31]([O-:32])[O:33])[H:41])([N:11]([H:12])[H:13])[C:21]([H:22])([H:23])[H:24].[H-:2]>>[F-:1].[H:2][C@@:5]([C:4]([H:3])([N+:31]([O-:32])[O:33])[H:41])([N:11]([H:12])[H:13])[C:21]([H:22])([H:23])[H:24],30.87487950241591
[F:1][C:5]([C@:4]([H:3])([N+:31]([O-:32])[O:33])[C:41]([H:42])([H:43])[H:44])([H:11])[H:21].[H-:2]>>[F-:1].[H:2][C:5]([C:4]([H:3])([N+:31]([O-:32])[O:33])[C:41]([H:42])([H:43])[H:44])([H:11])[H:21],14.353853148214364
[Cl-:2].[F:1][C@:5]([C@:4]([H:3])([C:31]#[N:32])[N:41]([H:42])[H:43])([H:11])[C:21]#[N:22]>>[Cl:2][C@@:5]([C@:4]([H:3])([C:31]#[N:32])[N:41]([H:42])[H:43])([H:11])[C:21]#[N:22].[F-:1],38.301674453154895
[Br-:2].[Br:1][C@:5]([C:4]([H:3])([N:31]([H:32])[H:33])[N:41]([H:42])[H:43])([N:11]([H:12])[H:13])[C:21]#[N:22]>>[Br-:1].[Br:2][C@@:5]([C:4]([H:3])([N:31]([H:32])[H:33])[N:41]([H:42])[H:43])([N:11]([H:12])[H:13])[C:21]#[N:22],23.75576964397316
[F-:2].[F:1][C@:5]([C:4]([H:3])([H:31])[H:41])([N:11]([H:12])[H:13])[C:21]#[N:22]>>[F-:1].[F:2][C@@:5]([C:4]([H:3])([H:31])[H:41])([N:11]([H:12])[H:13])[C:21]#[N:22],29.92418698556937
[Cl-:2].[F:1][C@:5]([C@:4]([H:3])([N:31]([H:32])[H:33])[C:41]([H:42])([H:43])[H:44])([C:11]#[N:12])[N:21]([H:22])[H:23]>>[Cl:2][C@@:5]([C@:4]([H:3])([N:31]([H:32])[H:33])[C:41]([H:42])([H:43])[H:44])([C:11]#[N:12])[N:21]([H:22])[H:23].[F-:1],43.172024299004974
[F:1][C@:5]([C:4]([H:3])([N:31]([H:32])[H:33])[N:41]([H:42])[H:43])([C:11]([H:12])([H:13])[H:14])[N+:21]([O-:22])[O:23].[H-:2]>>[F-:1].[H:2][C@@:5]([C:4]([H:3])([N:31]([H:32])[H:33])[N:41]([H:42])[H:43])([C:11]([H:12])([H:13])[H:14])[N+:21]([O-:22])[O:23],15.123578334880154
[Br:1][C@:5]([C@:4]([H:3])([C:31]#[N:32])[N+:41]([O-:42])[O:43])([H:11])[N+:21]([O-:22])[O:23].[F-:2]>>[Br-:1].[F:2][C@@:5]([C@:4]([H:3])([C:31]#[N:32])[N+:41]([O-:42])[O:43])([H:11])[N+:21]([O-:22])[O:23],6.3415335014262055
[F:1][C@:5]([C:4]([H:3])([N:31]([H:32])[H:33])[H:41])([N+:11]([O-:12])[O:13])[C:21]([H:22])([H:23])[H:24].[H-:2]>>[F-:1].[H:2][C@@:5]([C:4]([H:3])([N:31]([H:32])[H:33])[H:41])([N+:11]([O-:12])[O:13])[C:21]([H:22])([H:23])[H:24],16.942010121819223
[Br-:2].[Cl:1][C@:5]([C:4]([H:3])([H:31])[N:41]([H:42])[H:43])([C:11]#[N:12])[C:21]([H:22])([H:23])[H:24]>>[Br:2][C@@:5]([C:4]([H:3])([H:31])[N:41]([H:42])[H:43])([C:11]#[N:12])[C:21]([H:22])([H:23])[H:24].[Cl-:1],37.186810153573205
[F:1][C@:5]([C:4]([H:3])([N+:31]([O-:32])[O:33])[N+:41]([O-:42])[O:43])([H:11])[C:21]#[N:22].[H-:2]>>[F-:1].[H:2][C:5]([C:4]([H:3])([N+:31]([O-:32])[O:33])[N+:41]([O-:42])[O:43])([H:11])[C:21]#[N:22],3.7879312258496296
[Cl-:2].[F:1][C@:5]([C:4]([H:3])([H:31])[N:41]([H:42])[H:43])([C:11]([H:12])([H:13])[H:14])[N+:21]([O-:22])[O:23]>>[Cl:2][C@@:5]([C:4]([H:3])([H:31])[N:41]([H:42])[H:43])([C:11]([H:12])([H:13])[H:14])[N+:21]([O-:22])[O:23].[F-:1],44.87550989985035
[Br:1][C@:5]([C@:4]([H:3])([N:31]([H:32])[H:33])[C:41]#[N:42])([H:11])[C:21]([H:22])([H:23])[H:24].[Cl-:2]>>[Br-:1].[Cl:2][C@@:5]([C@:4]([H:3])([N:31]([H:32])[H:33])[C:41]#[N:42])([H:11])[C:21]([H:22])([H:23])[H:24],22.58841727994259
[F-:2].[F:1][C@:5]([C:4]([H:3])([C:31]([H:32])([H:33])[H:34])[H:41])([C:11]#[N:12])[N:21]([H:22])[H:23]>>[F-:1].[F:2][C@@:5]([C:4]([H:3])([C:31]([H:32])([H:33])[H:34])[H:41])([C:11]#[N:12])[N:21]([H:22])[H:23],30.60633433568241
[F-:2].[F:1][C@:5]([C:4]([H:3])([C:31]#[N:32])[H:41])([H:11])[C:21]([H:22])([H:23])[H:24]>>[F-:1].[F:2][C@@:5]([C:4]([H:3])([C:31]#[N:32])[H:41])([H:11])[C:21]([H:22])([H:23])[H:24],20.687968250918463
[Br:1][C@:5]([C:4]([H:3])([C:31]#[N:32])[C:41]#[N:42])([N:11]([H:12])[H:13])[H:21].[F-:2]>>[Br-:1].[F:2][C@@:5]([C:4]([H:3])([C:31]#[N:32])[C:41]#[N:42])([N:11]([H:12])[H:13])[H:21],18.569122356122858
[Br:1][C@:5]([C:4]([H:3])([N+:31]([O-:32])[O:33])[H:41])([N:11]([H:12])[H:13])[H:21].[H-:2]>>[Br-:1].[H:2][C:5]([C:4]([H:3])([N+:31]([O-:32])[O:33])[H:41])([N:11]([H:12])[H:13])[H:21],13.981591380860266
[Br:1][C@:5]([C:4]([H:3])([H:31])[N:41]([H:42])[H:43])([H:11])[N:21]([H:22])[H:23].[F-:2]>>[Br-:1].[F:2][C@@:5]([C:4]([H:3])([H:31])[N:41]([H:42])[H:43])([H:11])[N:21]([H:22])[H:23],18.30405611219254
[Br:1][C@:5]([C@:4]([H:3])([N+:31]([O-:32])[O:33])[N:41]([H:42])[H:43])([H:11])[C:21]#[N:22].[Cl-:2]>>[Br-:1].[Cl:2][C@@:5]([C@:4]([H:3])([N+:31]([O-:32])[O:33])[N:41]([H:42])[H:43])([H:11])[C:21]#[N:22],23.38260340809031
[F:1][C@:5]([C@:4]([H:3])([N:31]([H:32])[H:33])[C:41]#[N:42])([C:11]([H:12])([H:13])[H:14])[N:21]([H:22])[H:23].[H-:2]>>[F-:1].[H:2][C@@:5]([C@:4]([H:3])([N:31]([H:32])[H:33])[C:41]#[N:42])([C:11]([H:12])([H:13])[H:14])[N:21]([H:22])[H:23],31.35527434118557
[Br-:2].[F:1][C:5]([C:4]([H:3])([N:31]([H:32])[H:33])[N:41]([H:42])[H:43])([C:11]([H:12])([H:13])[H:14])[C:21]([H:22])([H:23])[H:24]>>[Br:2][C:5]([C:4]([H:3])([N:31]([H:32])[H:33])[N:41]([H:42])[H:43])([C:11]([H:12])([H:13])[H:14])[C:21]([H:22])([H:23])[H:24].[F-:1],59.84721281247288
[Cl:1][C@:5]([C@:4]([H:3])([N:31]([H:32])[H:33])[C:41]([H:42])([H:43])[H:44])([H:11])[N:21]([H:22])[H:23].[H-:2]>>[Cl-:1].[H:2][C:5]([C@:4]([H:3])([N:31]([H:32])[H:33])[C:41]([H:42])([H:43])[H:44])([H:11])[N:21]([H:22])[H:23],15.990978953392052
[Br:1][C@:5]([C:4]([H:3])([H:31])[N+:41]([O-:42])[O:43])([C:11]([H:12])([H:13])[H:14])[N+:21]([O-:22])[O:23].[F-:2]>>[Br-:1].[F:2][C@@:5]([C:4]([H:3])([H:31])[N+:41]([O-:42])[O:43])([C:11]([H:12])([H:13])[H:14])[N+:21]([O-:22])[O:23],10.869762203939263
[Br-:2].[Cl:1][C:5]([C:4]([H:3])([H:31])[H:41])([C:11]#[N:12])[C:21]#[N:22]>>[Br:2][C:5]([C:4]([H:3])([H:31])[H:41])([C:11]#[N:12])[C:21]#[N:22].[Cl-:1],18.749268626252533
[Br-:2].[Br:1][C@:5]([C:4]([H:3])([N:31]([H:32])[H:33])[H:41])([C:11]#[N:12])[H:21]>>[Br-:1].[Br:2][C@@:5]([C:4]([H:3])([N:31]([H:32])[H:33])[H:41])([C:11]#[N:12])[H:21],26.99548555532883
[F:1][C:5]([C:4]([H:3])([H:31])[N:41]([H:42])[H:43])([C:11]([H:12])([H:13])[H:14])[C:21]([H:22])([H:23])[H:24].[H-:2]>>[F-:1].[H:2][C:5]([C:4]([H:3])([H:31])[N:41]([H:42])[H:43])([C:11]([H:12])([H:13])[H:14])[C:21]([H:22])([H:23])[H:24],34.80580368776393
[Cl:1][C@:5]([C@:4]([H:3])([N:31]([H:32])[H:33])[C:41]([H:42])([H:43])[H:44])([H:11])[C:21]#[N:22].[H-:2]>>[Cl-:1].[H:2][C:5]([C@:4]([H:3])([N:31]([H:32])[H:33])[C:41]([H:42])([H:43])[H:44])([H:11])[C:21]#[N:22],0.6492703077006441
[Br-:2].[Cl:1][C@:5]([C@:4]([H:3])([C:31]#[N:32])[C:41]([H:42])([H:43])[H:44])([C:11]#[N:12])[H:21]>>[Br:2][C@@:5]([C@:4]([H:3])([C:31]#[N:32])[C:41]([H:42])([H:43])[H:44])([C:11]#[N:12])[H:21].[Cl-:1],27.64350736387152
[F-:2].[F:1][C@:5]([C:4]([H:3])([N:31]([H:32])[H:33])[N:41]([H:42])[H:43])([C:11]([H:12])([H:13])[H:14])[N+:21]([O-:22])[O:23]>>[F-:1].[F:2][C@@:5]([C:4]([H:3])([N:31]([H:32])[H:33])[N:41]([H:42])[H:43])([C:11]([H:12])([H:13])[H:14])[N+:21]([O-:22])[O:23],30.801332853805924
[F:1][C@:5]([C@:4]([H:3])([N:31]([H:32])[H:33])[C:41]([H:42])([H:43])[H:44])([H:11])[C:21]#[N:22].[H-:2]>>[F-:1].[H:2][C:5]([C@:4]([H:3])([N:31]([H:32])[H:33])[C:41]([H:42])([H:43])[H:44])([H:11])[C:21]#[N:22],13.433637749710094
[Br:1][C@:5]([C@:4]([H:3])([N:31]([H:32])[H:33])[C:41]#[N:42])([N:11]([H:12])[H:13])[C:21]#[N:22].[F-:2]>>[Br-:1].[F:2][C@@:5]([C@:4]([H:3])([N:31]([H:32])[H:33])[C:41]#[N:42])([N:11]([H:12])[H:13])[C:21]#[N:22],22.78718059153853
[Br-:2].[Br:1][C@:5]([C:4]([H:3])([H:31])[N:41]([H:42])[H:43])([H:11])[C:21]#[N:22]>>[Br-:1].[Br:2][C@@:5]([C:4]([H:3])([H:31])[N:41]([H:42])[H:43])([H:11])[C:21]#[N:22],24.30067592303608
[Cl-:2].[F:1][C@:5]([C:4]([H:3])([C:31]#[N:32])[H:41])([N:11]([H:12])[H:13])[N+:21]([O-:22])[O:23]>>[Cl:2][C@@:5]([C:4]([H:3])([C:31]#[N:32])[H:41])([N:11]([H:12])[H:13])[N+:21]([O-:22])[O:23].[F-:1],46.019794970012256
[Cl:1][C@:5]([C:4]([H:3])([N:31]([H:32])[H:33])[H:41])([N+:11]([O-:12])[O:13])[H:21].[F-:2]>>[Cl-:1].[F:2][C@@:5]([C:4]([H:3])([N:31]([H:32])[H:33])[H:41])([N+:11]([O-:12])[O:13])[H:21],14.794622303639285
[F:1][C:5]([C:4]([H:3])([H:31])[N:41]([H:42])[H:43])([C:11]#[N:12])[C:21]#[N:22].[H-:2]>>[F-:1].[H:2][C:5]([C:4]([H:3])([H:31])[N:41]([H:42])[H:43])([C:11]#[N:12])[C:21]#[N:22],7.380760765592308
[Cl:1][C@:5]([C:4]([H:3])([H:31])[C:41]#[N:42])([N:11]([H:12])[H:13])[C:21]#[N:22].[F-:2]>>[Cl-:1].[F:2][C@@:5]([C:4]([H:3])([H:31])[C:41]#[N:42])([N:11]([H:12])[H:13])[C:21]#[N:22],20.058107428908567
[Br:1][C@:5]([C@:4]([H:3])([C:31]#[N:32])[C:41]([H:42])([H:43])[H:44])([N:11]([H:12])[H:13])[N+:21]([O-:22])[O:23].[F-:2]>>[Br-:1].[F:2][C@@:5]([C@:4]([H:3])([C:31]#[N:32])[C:41]([H:42])([H:43])[H:44])([N:11]([H:12])[H:13])[N+:21]([O-:22])[O:23],20.21433370478493
[F:1][C:5]([C:4]([H:3])([N:31]([H:32])[H:33])[N:41]([H:42])[H:43])([N:11]([H:12])[H:13])[N:21]([H:22])[H:23].[H-:2]>>[F-:1].[H:2][C:5]([C:4]([H:3])([N:31]([H:32])[H:33])[N:41]([H:42])[H:43])([N:11]([H:12])[H:13])[N:21]([H:22])[H:23],48.415709533803216
[Br:1][C@:5]([C:4]([H:3])([H:31])[N:41]([H:42])[H:43])([C:11]#[N:12])[H:21].[F-:2]>>[Br-:1].[F:2][C@@:5]([C:4]([H:3])([H:31])[N:41]([H:42])[H:43])([C:11]#[N:12])[H:21],19.5378814248092
[Br-:2].[F:1][C@:5]([C:4]([H:3])([C:31]#[N:32])[C:41]#[N:42])([N:11]([H:12])[H:13])[H:21]>>[Br:2][C@@:5]([C:4]([H:3])([C:31]#[N:32])[C:41]#[N:42])([N:11]([H:12])[H:13])[H:21].[F-:1],51.207680718234975
[Br-:2].[Cl:1][C@:5]([C:4]([H:3])([C:31]([H:32])([H:33])[H:34])[H:41])([H:11])[N+:21]([O-:22])[O:23]>>[Br:2][C@@:5]([C:4]([H:3])([C:31]([H:32])([H:33])[H:34])[H:41])([H:11])[N+:21]([O-:22])[O:23].[Cl-:1],29.53793491298336
[F-:2].[F:1][C@:5]([C:4]([H:3])([H:31])[H:41])([H:11])[N:21]([H:22])[H:23]>>[F-:1].[F:2][C@@:5]([C:4]([H:3])([H:31])[H:41])([H:11])[N:21]([H:22])[H:23],29.563986743787595
[Cl-:2].[F:1][C@:5]([C:4]([H:3])([C:31]([H:32])([H:33])[H:34])[C:41]([H:42])([H:43])[H:44])([C:11]#[N:12])[H:21]>>[Cl:2][C@@:5]([C:4]([H:3])([C:31]([H:32])([H:33])[H:34])[C:41]([H:42])([H:43])[H:44])([C:11]#[N:12])[H:21].[F-:1],37.21552324444795
[F-:2].[F:1][C@:5]([C:4]([H:3])([N+:31]([O-:32])[O:33])[H:41])([N+:11]([O-:12])[O:13])[N:21]([H:22])[H:23]>>[F-:1].[F:2][C@@:5]([C:4]([H:3])([N+:31]([O-:32])[O:33])[H:41])([N+:11]([O-:12])[O:13])[N:21]([H:22])[H:23],27.817183658310533
[Br-:2].[F:1][C@:5]([C@:4]([H:3])([C:31]#[N:32])[C:41]([H:42])([H:43])[H:44])([N:11]([H:12])[H:13])[H:21]>>[Br:2][C@@:5]([C@:4]([H:3])([C:31]#[N:32])[C:41]([H:42])([H:43])[H:44])([N:11]([H:12])[H:13])[H:21].[F-:1],53.00969208580598
[Cl:1][C@:5]([C:4]([H:3])([C:31]([H:32])([H:33])[H:34])[C:41]([H:42])([H:43])[H:44])([H:11])[C:21]#[N:22].[F-:2]>>[Cl-:1].[F:2][C@@:5]([C:4]([H:3])([C:31]([H:32])([H:33])[H:34])[C:41]([H:42])([H:43])[H:44])([H:11])[C:21]#[N:22],10.068899596093669
[F-:2].[F:1][C@:5]([C:4]([H:3])([H:31])[C:41]#[N:42])([H:11])[C:21]#[N:22]>>[F-:1].[F:2][C@@:5]([C:4]([H:3])([H:31])[C:41]#[N:42])([H:11])[C:21]#[N:22],17.687553751999555
[Br-:2].[F:1][C@:5]([C:4]([H:3])([C:31]#[N:32])[C:41]#[N:42])([H:11])[C:21]([H:22])([H:23])[H:24]>>[Br:2][C@@:5]([C:4]([H:3])([C:31]#[N:32])[C:41]#[N:42])([H:11])[C:21]([H:22])([H:23])[H:24].[F-:1],49.3498756758582
[Br-:2].[Cl:1][C@:5]([C@:4]([H:3])([C:31]#[N:32])[N+:41]([O-:42])[O:43])([H:11])[C:21]#[N:22]>>[Br:2][C@@:5]([C@:4]([H:3])([C:31]#[N:32])[N+:41]([O-:42])[O:43])([H:11])[C:21]#[N:22].[Cl-:1],28.74304582482553
[F-:2].[F:1][C@:5]([C:4]([H:3])([C:31]([H:32])([H:33])[H:34])[C:41]([H:42])([H:43])[H:44])([N+:11]([O-:12])[O:13])[H:21]>>[F-:1].[F:2][C@@:5]([C:4]([H:3])([C:31]([H:32])([H:33])[H:34])[C:41]([H:42])([H:43])[H:44])([N+:11]([O-:12])[O:13])[H:21],19.458948390756333
[F:1][C@:5]([C:4]([H:3])([N+:31]([O-:32])[O:33])[H:41])([C:11]([H:12])([H:13])[H:14])[C:21]#[N:22].[H-:2]>>[F-:1].[H:2][C@@:5]([C:4]([H:3])([N+:31]([O-:32])[O:33])[H:41])([C:11]([H:12])([H:13])[H:14])[C:21]#[N:22],9.34688373713878
[Br-:2].[Cl:1][C@:5]([C:4]([H:3])([H:31])[C:41]#[N:42])([C:11]([H:12])([H:13])[H:14])[C:21]#[N:22]>>[Br:2][C@@:5]([C:4]([H:3])([H:31])[C:41]#[N:42])([C:11]([H:12])([H:13])[H:14])[C:21]#[N:22].[Cl-:1],31.71436175700234
[Br:1][C@:5]([C:4]([H:3])([H:31])[N+:41]([O-:42])[O:43])([H:11])[C:21]([H:22])([H:23])[H:24].[Cl-:2]>>[Br-:1].[Cl:2][C@@:5]([C:4]([H:3])([H:31])[N+:41]([O-:42])[O:43])([H:11])[C:21]([H:22])([H:23])[H:24],22.639363985411624
[Br:1][C:5]([C:4]([H:3])([N:31]([H:32])[H:33])[N:41]([H:42])[H:43])([C:11]([H:12])([H:13])[H:14])[C:21]([H:22])([H:23])[H:24].[H-:2]>>[Br-:1].[H:2][C:5]([C:4]([H:3])([N:31]([H:32])[H:33])[N:41]([H:42])[H:43])([C:11]([H:12])([H:13])[H:14])[C:21]([H:22])([H:23])[H:24],28.286795572026453
[Br-:2].[Cl:1][C@:5]([C:4]([H:3])([H:31])[C:41]([H:42])([H:43])[H:44])([C:11]#[N:12])[N:21]([H:22])[H:23]>>[Br:2][C@@:5]([C:4]([H:3])([H:31])[C:41]([H:42])([H:43])[H:44])([C:11]#[N:12])[N:21]([H:22])[H:23].[Cl-:1],24.472711954185968
[Cl-:2].[Cl:1][C@:5]([C:4]([H:3])([N:31]([H:32])[H:33])[N:41]([H:42])[H:43])([H:11])[C:21]#[N:22]>>[Cl-:1].[Cl:2][C@@:5]([C:4]([H:3])([N:31]([H:32])[H:33])[N:41]([H:42])[H:43])([H:11])[C:21]#[N:22],37.22185987661638
[F-:2].[F:1][C@:5]([C:4]([H:3])([H:31])[C:41]([H:42])([H:43])[H:44])([N+:11]([O-:12])[O:13])[N:21]([H:22])[H:23]>>[F-:1].[F:2][C@@:5]([C:4]([H:3])([H:31])[C:41]([H:42])([H:43])[H:44])([N+:11]([O-:12])[O:13])[N:21]([H:22])[H:23],30.22965363876599
[Br:1][C@:5]([C:4]([H:3])([H:31])[N:41]([H:42])[H:43])([N:11]([H:12])[H:13])[N+:21]([O-:22])[O:23].[F-:2]>>[Br-:1].[F:2][C@@:5]([C:4]([H:3])([H:31])[N:41]([H:42])[H:43])([N:11]([H:12])[H:13])[N+:21]([O-:22])[O:23],21.75181643413832
[F-:2].[F:1][C@:5]([C:4]([H:3])([C:31]#[N:32])[C:41]#[N:42])([N:11]([H:12])[H:13])[C:21]#[N:22]>>[F-:1].[F:2][C@@:5]([C:4]([H:3])([C:31]#[N:32])[C:41]#[N:42])([N:11]([H:12])[H:13])[C:21]#[N:22],31.789755296343927
[F:1][C@:5]([C:4]([H:3])([C:31]([H:32])([H:33])[H:34])[C:41]([H:42])([H:43])[H:44])([C:11]#[N:12])[H:21].[H-:2]>>[F-:1].[H:2][C:5]([C:4]([H:3])([C:31]([H:32])([H:33])[H:34])[C:41]([H:42])([H:43])[H:44])([C:11]#[N:12])[H:21],7.1287700930408135
[F:1][C@:5]([C:4]([H:3])([H:31])[C:41]#[N:42])([H:11])[C:21]([H:22])([H:23])[H:24].[H-:2]>>[F-:1].[H:2][C:5]([C:4]([H:3])([H:31])[C:41]#[N:42])([H:11])[C:21]([H:22])([H:23])[H:24],22.298053117662374
[Cl:1][C@:5]([C:4]([H:3])([N+:31]([O-:32])[O:33])[N+:41]([O-:42])[O:43])([C:11]#[N:12])[N:21]([H:22])[H:23].[F-:2]>>[Cl-:1].[F:2][C@@:5]([C:4]([H:3])([N+:31]([O-:32])[O:33])[N+:41]([O-:42])[O:43])([C:11]#[N:12])[N:21]([H:22])[H:23],24.159838325621752
[Br:1][C@:5]([C:4]([H:3])([C:31]#[N:32])[C:41]#[N:42])([N+:11]([O-:12])[O:13])[C:21]([H:22])([H:23])[H:24].[F-:2]>>[Br-:1].[F:2][C@@:5]([C:4]([H:3])([C:31]#[N:32])[C:41]#[N:42])([N+:11]([O-:12])[O:13])[C:21]([H:22])([H:23])[H:24],2.903842425166851
[Br:1][C:5]([C:4]([H:3])([H:31])[H:41])([N+:11]([O-:12])[O:13])[C:21]([H:22])([H:23])[H:24].[F-:2]>>[Br-:1].[F:2][C:5]([C:4]([H:3])([H:31])[H:41])([N+:11]([O-:12])[O:13])[C:21]([H:22])([H:23])[H:24],5.891612756722635
[Br-:2].[Cl:1][C@:5]([C:4]([H:3])([C:31]([H:32])([H:33])[H:34])[H:41])([C:11]#[N:12])[H:21]>>[Br:2][C@@:5]([C:4]([H:3])([C:31]([H:32])([H:33])[H:34])[H:41])([C:11]#[N:12])[H:21].[Cl-:1],25.554211901163587
[F:1][C@:5]([C:4]([H:3])([N+:31]([O-:32])[O:33])[H:41])([H:11])[C:21]([H:22])([H:23])[H:24].[H-:2]>>[F-:1].[H:2][C:5]([C:4]([H:3])([N+:31]([O-:32])[O:33])[H:41])([H:11])[C:21]([H:22])([H:23])[H:24],16.42880296943417
[Cl:1][C@:5]([C:4]([H:3])([H:31])[N:41]([H:42])[H:43])([N+:11]([O-:12])[O:13])[N:21]([H:22])[H:23].[F-:2]>>[Cl-:1].[F:2][C@@:5]([C:4]([H:3])([H:31])[N:41]([H:42])[H:43])([N+:11]([O-:12])[O:13])[N:21]([H:22])[H:23],21.92382665165385
[Br:1][C@:5]([C:4]([H:3])([H:31])[N:41]([H:42])[H:43])([C:11]#[N:12])[C:21]([H:22])([H:23])[H:24].[Cl-:2]>>[Br-:1].[Cl:2][C@@:5]([C:4]([H:3])([H:31])[N:41]([H:42])[H:43])([C:11]#[N:12])[C:21]([H:22])([H:23])[H:24],33.06359766202099
[Br-:2].[Cl:1][C:5]([C@:4]([H:3])([N:31]([H:32])[H:33])[C:41]#[N:42])([H:11])[H:21]>>[Br:2][C:5]([C@:4]([H:3])([N:31]([H:32])[H:33])[C:41]#[N:42])([H:11])[H:21].[Cl-:1],36.59162026010903
[Cl:1][C@:5]([C:4]([H:3])([C:31]([H:32])([H:33])[H:34])[H:41])([N:11]([H:12])[H:13])[C:21]#[N:22].[H-:2]>>[Cl-:1].[H:2][C@@:5]([C:4]([H:3])([C:31]([H:32])([H:33])[H:34])[H:41])([N:11]([H:12])[H:13])[C:21]#[N:22],8.900280961996556
[Cl:1][C:5]([C@:4]([H:3])([N+:31]([O-:32])[O:33])[N:41]([H:42])[H:43])([H:11])[H:21].[H-:2]>>[Cl-:1].[H:2][C:5]([C@:4]([H:3])([N+:31]([O-:32])[O:33])[N:41]([H:42])[H:43])([H:11])[H:21],8.227450481705997
[Br-:2].[F:1][C@:5]([C@:4]([H:3])([N:31]([H:32])[H:33])[C:41]([H:42])([H:43])[H:44])([N:11]([H:12])[H:13])[C:21]#[N:22]>>[Br:2][C@@:5]([C@:4]([H:3])([N:31]([H:32])[H:33])[C:41]([H:42])([H:43])[H:44])([N:11]([H:12])[H:13])[C:21]#[N:22].[F-:1],58.19401158111333
[Br-:2].[Br:1][C@:5]([C:4]([H:3])([H:31])[N:41]([H:42])[H:43])([N+:11]([O-:12])[O:13])[H:21]>>[Br-:1].[Br:2][C@@:5]([C:4]([H:3])([H:31])[N:41]([H:42])[H:43])([N+:11]([O-:12])[O:13])[H:21],34.24384853624664
[F:1][C@:5]([C:4]([H:3])([C:31]([H:32])([H:33])[H:34])[H:41])([N+:11]([O-:12])[O:13])[N:21]([H:22])[H:23].[H-:2]>>[F-:1].[H:2][C@@:5]([C:4]([H:3])([C:31]([H:32])([H:33])[H:34])[H:41])([N+:11]([O-:12])[O:13])[N:21]([H:22])[H:23],20.9463475178644
[Br:1][C:5]([C@:4]([H:3])([N:31]([H:32])[H:33])[C:41]([H:42])([H:43])[H:44])([H:11])[H:21].[Cl-:2]>>[Br-:1].[Cl:2][C:5]([C@:4]([H:3])([N:31]([H:32])[H:33])[C:41]([H:42])([H:43])[H:44])([H:11])[H:21],26.055747672528195
[F:1][C@:5]([C:4]([H:3])([H:31])[C:41]#[N:42])([C:11]#[N:12])[N:21]([H:22])[H:23].[H-:2]>>[F-:1].[H:2][C@@:5]([C:4]([H:3])([H:31])[C:41]#[N:42])([C:11]#[N:12])[N:21]([H:22])[H:23],23.82762781931574
[F-:2].[F:1][C@:5]([C@:4]([H:3])([C:31]#[N:32])[C:41]([H:42])([H:43])[H:44])([N+:11]([O-:12])[O:13])[N:21]([H:22])[H:23]>>[F-:1].[F:2][C@@:5]([C@:4]([H:3])([C:31]#[N:32])[C:41]([H:42])([H:43])[H:44])([N+:11]([O-:12])[O:13])[N:21]([H:22])[H:23],26.66037851922721
[Cl-:2].[Cl:1][C:5]([C:4]([H:3])([N+:31]([O-:32])[O:33])[H:41])([C:11]([H:12])([H:13])[H:14])[C:21]([H:22])([H:23])[H:24]>>[Cl-:1].[Cl:2][C:5]([C:4]([H:3])([N+:31]([O-:32])[O:33])[H:41])([C:11]([H:12])([H:13])[H:14])[C:21]([H:22])([H:23])[H:24],36.28860258407164
[F-:2].[F:1][C@:5]([C:4]([H:3])([C:31]([H:32])([H:33])[H:34])[H:41])([H:11])[C:21]([H:22])([H:23])[H:24]>>[F-:1].[F:2][C@@:5]([C:4]([H:3])([C:31]([H:32])([H:33])[H:34])[H:41])([H:11])[C:21]([H:22])([H:23])[H:24],24.334584092660727
[Br:1][C@:5]([C:4]([H:3])([C:31]([H:32])([H:33])[H:34])[C:41]([H:42])([H:43])[H:44])([H:11])[C:21]([H:22])([H:23])[H:24].[Cl-:2]>>[Br-:1].[Cl:2][C@@:5]([C:4]([H:3])([C:31]([H:32])([H:33])[H:34])[C:41]([H:42])([H:43])[H:44])([H:11])[C:21]([H:22])([H:23])[H:24],21.41966580517728
[Br:1][C@:5]([C@:4]([H:3])([N+:31]([O-:32])[O:33])[C:41]([H:42])([H:43])[H:44])([N:11]([H:12])[H:13])[C:21]([H:22])([H:23])[H:24].[H-:2]>>[Br-:1].[H:2][C@@:5]([C@:4]([H:3])([N+:31]([O-:32])[O:33])[C:41]([H:42])([H:43])[H:44])([N:11]([H:12])[H:13])[C:21]([H:22])([H:23])[H:24],22.720400314343987
[F-:2].[F:1][C@:5]([C:4]([H:3])([C:31]([H:32])([H:33])[H:34])[C:41]([H:42])([H:43])[H:44])([H:11])[C:21]([H:22])([H:23])[H:24]>>[F-:1].[F:2][C@@:5]([C:4]([H:3])([C:31]([H:32])([H:33])[H:34])[C:41]([H:42])([H:43])[H:44])([H:11])[C:21]([H:22])([H:23])[H:24],26.21001870751705
[Br:1][C@:5]([C:4]([H:3])([H:31])[N+:41]([O-:42])[O:43])([H:11])[N:21]([H:22])[H:23].[F-:2]>>[Br-:1].[F:2][C@@:5]([C:4]([H:3])([H:31])[N+:41]([O-:42])[O:43])([H:11])[N:21]([H:22])[H:23],15.04924904708651
[Cl-:2].[F:1][C@:5]([C:4]([H:3])([C:31]([H:32])([H:33])[H:34])[C:41]([H:42])([H:43])[H:44])([N:11]([H:12])[H:13])[C:21]#[N:22]>>[Cl:2][C@@:5]([C:4]([H:3])([C:31]([H:32])([H:33])[H:34])[C:41]([H:42])([H:43])[H:44])([N:11]([H:12])[H:13])[C:21]#[N:22].[F-:1],49.36677312757615
[Cl:1][C@:5]([C:4]([H:3])([H:31])[H:41])([N+:11]([O-:12])[O:13])[N:21]([H:22])[H:23].[F-:2]>>[Cl-:1].[F:2][C@@:5]([C:4]([H:3])([H:31])[H:41])([N+:11]([O-:12])[O:13])[N:21]([H:22])[H:23],15.830869209084998
[Br-:2].[Cl:1][C@:5]([C:4]([H:3])([C:31]#[N:32])[H:41])([H:11])[C:21]([H:22])([H:23])[H:24]>>[Br:2][C@@:5]([C:4]([H:3])([C:31]#[N:32])[H:41])([H:11])[C:21]([H:22])([H:23])[H:24].[Cl-:1],25.4859172691728
[Cl:1][C@:5]([C@:4]([H:3])([N:31]([H:32])[H:33])[C:41]#[N:42])([N:11]([H:12])[H:13])[C:21]#[N:22].[F-:2]>>[Cl-:1].[F:2][C@@:5]([C@:4]([H:3])([N:31]([H:32])[H:33])[C:41]#[N:42])([N:11]([H:12])[H:13])[C:21]#[N:22],25.16842256146148
[Cl-:2].[Cl:1][C@:5]([C:4]([H:3])([H:31])[N:41]([H:42])[H:43])([C:11]#[N:12])[N+:21]([O-:22])[O:23]>>[Cl-:1].[Cl:2][C@@:5]([C:4]([H:3])([H:31])[N:41]([H:42])[H:43])([C:11]#[N:12])[N+:21]([O-:22])[O:23],23.73310020229146
[Cl:1][C@:5]([C:4]([H:3])([N:31]([H:32])[H:33])[N:41]([H:42])[H:43])([N+:11]([O-:12])[O:13])[H:21].[F-:2]>>[Cl-:1].[F:2][C@@:5]([C:4]([H:3])([N:31]([H:32])[H:33])[N:41]([H:42])[H:43])([N+:11]([O-:12])[O:13])[H:21],30.75301533658888
[Cl-:2].[Cl:1][C@:5]([C:4]([H:3])([C:31]#[N:32])[C:41]#[N:42])([N:11]([H:12])[H:13])[C:21]#[N:22]>>[Cl-:1].[Cl:2][C@@:5]([C:4]([H:3])([C:31]#[N:32])[C:41]#[N:42])([N:11]([H:12])[H:13])[C:21]#[N:22],33.86560048337928
[Cl:1][C@:5]([C:4]([H:3])([H:31])[N:41]([H:42])[H:43])([N+:11]([O-:12])[O:13])[N:21]([H:22])[H:23].[H-:2]>>[Cl-:1].[H:2][C@@:5]([C:4]([H:3])([H:31])[N:41]([H:42])[H:43])([N+:11]([O-:12])[O:13])[N:21]([H:22])[H:23],11.883357998276914
[F:1][C:5]([C@:4]([H:3])([N+:31]([O-:32])[O:33])[N:41]([H:42])[H:43])([H:11])[H:21].[H-:2]>>[F-:1].[H:2][C:5]([C@:4]([H:3])([N+:31]([O-:32])[O:33])[N:41]([H:42])[H:43])([H:11])[H:21],19.922552779762466
[F:1][C:5]([C@:4]([H:3])([N:31]([H:32])[H:33])[C:41]#[N:42])([C:11]([H:12])([H:13])[H:14])[C:21]([H:22])([H:23])[H:24].[H-:2]>>[F-:1].[H:2][C:5]([C@:4]([H:3])([N:31]([H:32])[H:33])[C:41]#[N:42])([C:11]([H:12])([H:13])[H:14])[C:21]([H:22])([H:23])[H:24],30.108593167552648
[F:1][C@:5]([C:4]([H:3])([H:31])[C:41]([H:42])([H:43])[H:44])([N+:11]([O-:12])[O:13])[N:21]([H:22])[H:23].[H-:2]>>[F-:1].[H:2][C@@:5]([C:4]([H:3])([H:31])[C:41]([H:42])([H:43])[H:44])([N+:11]([O-:12])[O:13])[N:21]([H:22])[H:23],22.959386486973468
[Br:1][C@:5]([C:4]([H:3])([C:31]([H:32])([H:33])[H:34])[H:41])([C:11]([H:12])([H:13])[H:14])[H:21].[H-:2]>>[Br-:1].[H:2][C:5]([C:4]([H:3])([C:31]([H:32])([H:33])[H:34])[H:41])([C:11]([H:12])([H:13])[H:14])[H:21],5.3068186030187565
[Cl-:2].[Cl:1][C@:5]([C:4]([H:3])([C:31]#[N:32])[C:41]#[N:42])([C:11]([H:12])([H:13])[H:14])[N+:21]([O-:22])[O:23]>>[Cl-:1].[Cl:2][C@@:5]([C:4]([H:3])([C:31]#[N:32])[C:41]#[N:42])([C:11]([H:12])([H:13])[H:14])[N+:21]([O-:22])[O:23],33.868672184422465
[Cl-:2].[F:1][C@:5]([C:4]([H:3])([H:31])[N+:41]([O-:42])[O:43])([C:11]#[N:12])[N:21]([H:22])[H:23]>>[Cl:2][C@@:5]([C:4]([H:3])([H:31])[N+:41]([O-:42])[O:43])([C:11]#[N:12])[N:21]([H:22])[H:23].[F-:1],48.34938125124533
[Br-:2].[Br:1][C:5]([C@:4]([H:3])([C:31]([H:32])([H:33])[H:34])[N+:41]([O-:42])[O:43])([C:11]([H:12])([H:13])[H:14])[C:21]([H:22])([H:23])[H:24]>>[Br-:1].[Br:2][C:5]([C@:4]([H:3])([C:31]([H:32])([H:33])[H:34])[N+:41]([O-:42])[O:43])([C:11]([H:12])([H:13])[H:14])[C:21]([H:22])([H:23])[H:24],39.59256414090484
[Br-:2].[F:1][C@:5]([C:4]([H:3])([N:31]([H:32])[H:33])[H:41])([N:11]([H:12])[H:13])[N+:21]([O-:22])[O:23]>>[Br:2][C@@:5]([C:4]([H:3])([N:31]([H:32])[H:33])[H:41])([N:11]([H:12])[H:13])[N+:21]([O-:22])[O:23].[F-:1],51.17812905199545
[Cl:1][C:5]([C:4]([H:3])([H:31])[H:41])([C:11]#[N:12])[C:21]#[N:22].[F-:2]>>[Cl-:1].[F:2][C:5]([C:4]([H:3])([H:31])[H:41])([C:11]#[N:12])[C:21]#[N:22],2.3508538763913087
[Cl-:2].[F:1][C@:5]([C:4]([H:3])([N:31]([H:32])[H:33])[H:41])([C:11]#[N:12])[C:21]([H:22])([H:23])[H:24]>>[Cl:2][C@@:5]([C:4]([H:3])([N:31]([H:32])[H:33])[H:41])([C:11]#[N:12])[C:21]([H:22])([H:23])[H:24].[F-:1],39.12299394843122
[Br-:2].[Cl:1][C:5]([C:4]([H:3])([C:31]([H:32])([H:33])[H:34])[H:41])([C:11]#[N:12])[C:21]#[N:22]>>[Br:2][C:5]([C:4]([H:3])([C:31]([H:32])([H:33])[H:34])[H:41])([C:11]#[N:12])[C:21]#[N:22].[Cl-:1],19.64695198570889
[Cl:1][C@:5]([C@:4]([H:3])([N:31]([H:32])[H:33])[N+:41]([O-:42])[O:43])([C:11]([H:12])([H:13])[H:14])[N:21]([H:22])[H:23].[H-:2]>>[Cl-:1].[H:2][C@@:5]([C@:4]([H:3])([N:31]([H:32])[H:33])[N+:41]([O-:42])[O:43])([C:11]([H:12])([H:13])[H:14])[N:21]([H:22])[H:23],26.968876868346943
[Cl-:2].[Cl:1][C@:5]([C:4]([H:3])([N:31]([H:32])[H:33])[N:41]([H:42])[H:43])([C:11]([H:12])([H:13])[H:14])[H:21]>>[Cl-:1].[Cl:2][C@@:5]([C:4]([H:3])([N:31]([H:32])[H:33])[N:41]([H:42])[H:43])([C:11]([H:12])([H:13])[H:14])[H:21],35.36654918304449
[F-:2].[F:1][C:5]([C:4]([H:3])([C:31]#[N:32])[H:41])([C:11]#[N:12])[C:21]#[N:22]>>[F-:1].[F:2][C:5]([C:4]([H:3])([C:31]#[N:32])[H:41])([C:11]#[N:12])[C:21]#[N:22],12.953714655261813
[Br-:2].[Cl:1][C@:5]([C@:4]([H:3])([N+:31]([O-:32])[O:33])[N:41]([H:42])[H:43])([C:11]#[N:12])[H:21]>>[Br:2][C@@:5]([C@:4]([H:3])([N+:31]([O-:32])[O:33])[N:41]([H:42])[H:43])([C:11]#[N:12])[H:21].[Cl-:1],26.759237154232693
[Cl:1][C@:5]([C@:4]([H:3])([N+:31]([O-:32])[O:33])[C:41]([H:42])([H:43])[H:44])([H:11])[N+:21]([O-:22])[O:23].[F-:2]>>[Cl-:1].[F:2][C@@:5]([C@:4]([H:3])([N+:31]([O-:32])[O:33])[C:41]([H:42])([H:43])[H:44])([H:11])[N+:21]([O-:22])[O:23],4.396757414072531
[F-:2].[F:1][C:5]([C:4]([H:3])([N:31]([H:32])[H:33])[N:41]([H:42])[H:43])([C:11]#[N:12])[C:21]#[N:22]>>[F-:1].[F:2][C:5]([C:4]([H:3])([N:31]([H:32])[H:33])[N:41]([H:42])[H:43])([C:11]#[N:12])[C:21]#[N:22],28.83919598757
[Br:1][C@:5]([C:4]([H:3])([H:31])[C:41]#[N:42])([N+:11]([O-:12])[O:13])[H:21].[Cl-:2]>>[Br-:1].[Cl:2][C@@:5]([C:4]([H:3])([H:31])[C:41]#[N:42])([N+:11]([O-:12])[O:13])[H:21],23.00944180360253
[Cl:1][C@:5]([C@:4]([H:3])([N+:31]([O-:32])[O:33])[N:41]([H:42])[H:43])([C:11]#[N:12])[C:21]([H:22])([H:23])[H:24].[H-:2]>>[Cl-:1].[H:2][C@@:5]([C@:4]([H:3])([N+:31]([O-:32])[O:33])[N:41]([H:42])[H:43])([C:11]#[N:12])[C:21]([H:22])([H:23])[H:24],5.02446234546532
[F:1][C@:5]([C@:4]([H:3])([N+:31]([O-:32])[O:33])[C:41]#[N:42])([H:11])[C:21]#[N:22].[H-:2]>>[F-:1].[H:2][C:5]([C@:4]([H:3])([N+:31]([O-:32])[O:33])[C:41]#[N:42])([H:11])[C:21]#[N:22],9.735542789309203
[Br:1][C@:5]([C@:4]([H:3])([N:31]([H:32])[H:33])[C:41]#[N:42])([C:11]([H:12])([H:13])[H:14])[H:21].[Cl-:2]>>[Br-:1].[Cl:2][C@@:5]([C@:4]([H:3])([N:31]([H:32])[H:33])[C:41]#[N:42])([C:11]([H:12])([H:13])[H:14])[H:21],31.402326891618905
[Cl:1][C@:5]([C:4]([H:3])([C:31]#[N:32])[H:41])([C:11]#[N:12])[N:21]([H:22])[H:23].[H-:2]>>[Cl-:1].[H:2][C@@:5]([C:4]([H:3])([C:31]#[N:32])[H:41])([C:11]#[N:12])[N:21]([H:22])[H:23],5.076809127709538
[F:1][C@:5]([C:4]([H:3])([N:31]([H:32])[H:33])[H:41])([N+:11]([O-:12])[O:13])[H:21].[H-:2]>>[F-:1].[H:2][C:5]([C:4]([H:3])([N:31]([H:32])[H:33])[H:41])([N+:11]([O-:12])[O:13])[H:21],11.988872816671016
[Br-:2].[Br:1][C@:5]([C:4]([H:3])([C:31]#[N:32])[H:41])([C:11]#[N:12])[H:21]>>[Br-:1].[Br:2][C@@:5]([C:4]([H:3])([C:31]#[N:32])[H:41])([C:11]#[N:12])[H:21],21.248509493802786
[F:1][C@:5]([C@:4]([H:3])([C:31]([H:32])([H:33])[H:34])[N:41]([H:42])[H:43])([N+:11]([O-:12])[O:13])[H:21].[H-:2]>>[F-:1].[H:2][C:5]([C@:4]([H:3])([C:31]([H:32])([H:33])[H:34])[N:41]([H:42])[H:43])([N+:11]([O-:12])[O:13])[H:21],17.00057856151016
[Br:1][C@:5]([C:4]([H:3])([H:31])[N+:41]([O-:42])[O:43])([C:11]#[N:12])[C:21]([H:22])([H:23])[H:24].[Cl-:2]>>[Br-:1].[Cl:2][C@@:5]([C:4]([H:3])([H:31])[N+:41]([O-:42])[O:43])([C:11]#[N:12])[C:21]([H:22])([H:23])[H:24],27.1926745636848
[Cl-:2].[Cl:1][C@:5]([C:4]([H:3])([H:31])[C:41]([H:42])([H:43])[H:44])([N+:11]([O-:12])[O:13])[H:21]>>[Cl-:1].[Cl:2][C@@:5]([C:4]([H:3])([H:31])[C:41]([H:42])([H:43])[H:44])([N+:11]([O-:12])[O:13])[H:21],27.060774796281446
[F-:2].[F:1][C@:5]([C:4]([H:3])([C:31]([H:32])([H:33])[H:34])[H:41])([N:11]([H:12])[H:13])[C:21]#[N:22]>>[F-:1].[F:2][C@@:5]([C:4]([H:3])([C:31]([H:32])([H:33])[H:34])[H:41])([N:11]([H:12])[H:13])[C:21]#[N:22],32.40381408757409
[Cl:1][C@:5]([C:4]([H:3])([N:31]([H:32])[H:33])[N:41]([H:42])[H:43])([N:11]([H:12])[H:13])[C:21]#[N:22].[H-:2]>>[Cl-:1].[H:2][C@@:5]([C:4]([H:3])([N:31]([H:32])[H:33])[N:41]([H:42])[H:43])([N:11]([H:12])[H:13])[C:21]#[N:22],16.547366265736606
[Cl:1][C@:5]([C@:4]([H:3])([C:31]([H:32])([H:33])[H:34])[C:41]#[N:42])([N:11]([H:12])[H:13])[C:21]#[N:22].[F-:2]>>[Cl-:1].[F:2][C@@:5]([C@:4]([H:3])([C:31]([H:32])([H:33])[H:34])[C:41]#[N:42])([N:11]([H:12])[H:13])[C:21]#[N:22],20.97826482536732
[Cl:1][C@:5]([C@:4]([H:3])([C:31]#[N:32])[N+:41]([O-:42])[O:43])([H:11])[C:21]#[N:22].[F-:2]>>[Cl-:1].[F:2][C@@:5]([C@:4]([H:3])([C:31]#[N:32])[N+:41]([O-:42])[O:43])([H:11])[C:21]#[N:22],5.070147186068802
[Cl-:2].[F:1][C@:5]([C@:4]([H:3])([N+:31]([O-:32])[O:33])[N:41]([H:42])[H:43])([H:11])[C:21]([H:22])([H:23])[H:24]>>[Cl:2][C@@:5]([C@:4]([H:3])([N+:31]([O-:32])[O:33])[N:41]([H:42])[H:43])([H:11])[C:21]([H:22])([H:23])[H:24].[F-:1],43.4932362073589
[F:1][C@:5]([C@:4]([H:3])([N+:31]([O-:32])[O:33])[C:41]([H:42])([H:43])[H:44])([H:11])[C:21]([H:22])([H:23])[H:24].[H-:2]>>[F-:1].[H:2][C:5]([C@:4]([H:3])([N+:31]([O-:32])[O:33])[C:41]([H:42])([H:43])[H:44])([H:11])[C:21]([H:22])([H:23])[H:24],15.90537600318592
[F-:2].[F:1][C@:5]([C@:4]([H:3])([C:31]([H:32])([H:33])[H:34])[N+:41]([O-:42])[O:43])([N:11]([H:12])[H:13])[H:21]>>[F-:1].[F:2][C@@:5]([C@:4]([H:3])([C:31]([H:32])([H:33])[H:34])[N+:41]([O-:42])[O:43])([N:11]([H:12])[H:13])[H:21],32.52813149379701
[F-:2].[F:1][C@:5]([C:4]([H:3])([C:31]#[N:32])[H:41])([C:11]([H:12])([H:13])[H:14])[N:21]([H:22])[H:23]>>[F-:1].[F:2][C@@:5]([C:4]([H:3])([C:31]#[N:32])[H:41])([C:11]([H:12])([H:13])[H:14])[N:21]([H:22])[H:23],36.785044197805775
[Cl-:2].[F:1][C@:5]([C@:4]([H:3])([C:31]([H:32])([H:33])[H:34])[C:41]#[N:42])([N+:11]([O-:12])[O:13])[C:21]([H:22])([H:23])[H:24]>>[Cl:2][C@@:5]([C@:4]([H:3])([C:31]([H:32])([H:33])[H:34])[C:41]#[N:42])([N+:11]([O-:12])[O:13])[C:21]([H:22])([H:23])[H:24].[F-:1],47.89242085630746
[Br-:2].[F:1][C@:5]([C:4]([H:3])([N+:31]([O-:32])[O:33])[H:41])([N:11]([H:12])[H:13])[H:21]>>[Br:2][C@@:5]([C:4]([H:3])([N+:31]([O-:32])[O:33])[H:41])([N:11]([H:12])[H:13])[H:21].[F-:1],50.96877556717396
[Cl:1][C@:5]([C@:4]([H:3])([C:31]([H:32])([H:33])[H:34])[N:41]([H:42])[H:43])([H:11])[C:21]#[N:22].[F-:2]>>[Cl-:1].[F:2][C@@:5]([C@:4]([H:3])([C:31]([H:32])([H:33])[H:34])[N:41]([H:42])[H:43])([H:11])[C:21]#[N:22],23.30190107909236
[Cl:1][C@:5]([C:4]([H:3])([N:31]([H:32])[H:33])[N:41]([H:42])[H:43])([H:11])[C:21]#[N:22].[H-:2]>>[Cl-:1].[H:2][C:5]([C:4]([H:3])([N:31]([H:32])[H:33])[N:41]([H:42])[H:43])([H:11])[C:21]#[N:22],4.2740138619661865
[Br-:2].[F:1][C@:5]([C@:4]([H:3])([C:31]([H:32])([H:33])[H:34])[N:41]([H:42])[H:43])([H:11])[C:21]([H:22])([H:23])[H:24]>>[Br:2][C@@:5]([C@:4]([H:3])([C:31]([H:32])([H:33])[H:34])[N:41]([H:42])[H:43])([H:11])[C:21]([H:22])([H:23])[H:24].[F-:1],51.645793232658825
[F:1][C@:5]([C:4]([H:3])([N:31]([H:32])[H:33])[N:41]([H:42])[H:43])([N:11]([H:12])[H:13])[H:21].[H-:2]>>[F-:1].[H:2][C:5]([C:4]([H:3])([N:31]([H:32])[H:33])[N:41]([H:42])[H:43])([N:11]([H:12])[H:13])[H:21],34.11146061266315
[Cl:1][C:5]([C:4]([H:3])([H:31])[C:41]#[N:42])([C:11]#[N:12])[C:21]#[N:22].[H-:2]>>[Cl-:1].[H:2][C:5]([C:4]([H:3])([H:31])[C:41]#[N:42])([C:11]#[N:12])[C:21]#[N:22],17.724898354585488
[F-:2].[F:1][C@:5]([C:4]([H:3])([C:31]([H:32])([H:33])[H:34])[H:41])([C:11]#[N:12])[C:21]([H:22])([H:23])[H:24]>>[F-:1].[F:2][C@@:5]([C:4]([H:3])([C:31]([H:32])([H:33])[H:34])[H:41])([C:11]#[N:12])[C:21]([H:22])([H:23])[H:24],20.98735833864991
[Cl-:2].[Cl:1][C@:5]([C:4]([H:3])([H:31])[C:41]#[N:42])([C:11]([H:12])([H:13])[H:14])[C:21]#[N:22]>>[Cl-:1].[Cl:2][C@@:5]([C:4]([H:3])([H:31])[C:41]#[N:42])([C:11]([H:12])([H:13])[H:14])[C:21]#[N:22],30.329545967753624
[F-:2].[F:1][C@:5]([C:4]([H:3])([C:31]([H:32])([H:33])[H:34])[C:41]([H:42])([H:43])[H:44])([C:11]#[N:12])[H:21]>>[F-:1].[F:2][C@@:5]([C:4]([H:3])([C:31]([H:32])([H:33])[H:34])[C:41]([H:42])([H:43])[H:44])([C:11]#[N:12])[H:21],17.202657782324202
[F-:2].[F:1][C@:5]([C:4]([H:3])([H:31])[C:41]#[N:42])([C:11]([H:12])([H:13])[H:14])[N:21]([H:22])[H:23]>>[F-:1].[F:2][C@@:5]([C:4]([H:3])([H:31])[C:41]#[N:42])([C:11]([H:12])([H:13])[H:14])[N:21]([H:22])[H:23],39.83489996184935
[Cl:1][C:5]([C@:4]([H:3])([N+:31]([O-:32])[O:33])[N:41]([H:42])[H:43])([C:11]([H:12])([H:13])[H:14])[C:21]([H:22])([H:23])[H:24].[H-:2]>>[Cl-:1].[H:2][C:5]([C@:4]([H:3])([N+:31]([O-:32])[O:33])[N:41]([H:42])[H:43])([C:11]([H:12])([H:13])[H:14])[C:21]([H:22])([H:23])[H:24],26.02527659390439
[Br:1][C@:5]([C:4]([H:3])([N:31]([H:32])[H:33])[H:41])([H:11])[N:21]([H:22])[H:23].[F-:2]>>[Br-:1].[F:2][C@@:5]([C:4]([H:3])([N:31]([H:32])[H:33])[H:41])([H:11])[N:21]([H:22])[H:23],11.275696191121778
[Br:1][C@:5]([C@:4]([H:3])([C:31]#[N:32])[C:41]([H:42])([H:43])[H:44])([H:11])[C:21]#[N:22].[Cl-:2]>>[Br-:1].[Cl:2][C@@:5]([C@:4]([H:3])([C:31]#[N:32])[C:41]([H:42])([H:43])[H:44])([H:11])[C:21]#[N:22],18.610475012028857
[Br:1][C@:5]([C:4]([H:3])([N:31]([H:32])[H:33])[H:41])([N+:11]([O-:12])[O:13])[H:21].[F-:2]>>[Br-:1].[F:2][C@@:5]([C:4]([H:3])([N:31]([H:32])[H:33])[H:41])([N+:11]([O-:12])[O:13])[H:21],13.767178473901849
[F-:2].[F:1][C@:5]([C@:4]([H:3])([N:31]([H:32])[H:33])[N+:41]([O-:42])[O:43])([C:11]([H:12])([H:13])[H:14])[C:21]#[N:22]>>[F-:1].[F:2][C@@:5]([C@:4]([H:3])([N:31]([H:32])[H:33])[N+:41]([O-:42])[O:43])([C:11]([H:12])([H:13])[H:14])[C:21]#[N:22],31.374758423196138
[Br-:2].[Cl:1][C@:5]([C@:4]([H:3])([C:31]#[N:32])[N:41]([H:42])[H:43])([C:11]([H:12])([H:13])[H:14])[C:21]#[N:22]>>[Br:2][C@@:5]([C@:4]([H:3])([C:31]#[N:32])[N:41]([H:42])[H:43])([C:11]([H:12])([H:13])[H:14])[C:21]#[N:22].[Cl-:1],35.934455572039354
[Cl:1][C@:5]([C@:4]([H:3])([N+:31]([O-:32])[O:33])[N:41]([H:42])[H:43])([N+:11]([O-:12])[O:13])[H:21].[F-:2]>>[Cl-:1].[F:2][C@@:5]([C@:4]([H:3])([N+:31]([O-:32])[O:33])[N:41]([H:42])[H:43])([N+:11]([O-:12])[O:13])[H:21],17.091543229268268
[Cl-:2].[Cl:1][C@:5]([C:4]([H:3])([N:31]([H:32])[H:33])[N:41]([H:42])[H:43])([C:11]#[N:12])[C:21]([H:22])([H:23])[H:24]>>[Cl-:1].[Cl:2][C@@:5]([C:4]([H:3])([N:31]([H:32])[H:33])[N:41]([H:42])[H:43])([C:11]#[N:12])[C:21]([H:22])([H:23])[H:24],42.679791003289374
[Cl:1][C@:5]([C:4]([H:3])([H:31])[N+:41]([O-:42])[O:43])([H:11])[C:21]#[N:22].[F-:2]>>[Cl-:1].[F:2][C@@:5]([C:4]([H:3])([H:31])[N+:41]([O-:42])[O:43])([H:11])[C:21]#[N:22],9.491814650403716
[F:1][C@:5]([C@:4]([H:3])([N:31]([H:32])[H:33])[C:41]([H:42])([H:43])[H:44])([N:11]([H:12])[H:13])[N+:21]([O-:22])[O:23].[H-:2]>>[F-:1].[H:2][C@@:5]([C@:4]([H:3])([N:31]([H:32])[H:33])[C:41]([H:42])([H:43])[H:44])([N:11]([H:12])[H:13])[N+:21]([O-:22])[O:23],30.08599617858555
[Cl:1][C@:5]([C:4]([H:3])([H:31])[N:41]([H:42])[H:43])([N+:11]([O-:12])[O:13])[H:21].[F-:2]>>[Cl-:1].[F:2][C@@:5]([C:4]([H:3])([H:31])[N:41]([H:42])[H:43])([N+:11]([O-:12])[O:13])[H:21],21.859226619548664
[Cl:1][C@:5]([C:4]([H:3])([N:31]([H:32])[H:33])[N:41]([H:42])[H:43])([C:11]#[N:12])[C:21]([H:22])([H:23])[H:24].[F-:2]>>[Cl-:1].[F:2][C@@:5]([C:4]([H:3])([N:31]([H:32])[H:33])[N:41]([H:42])[H:43])([C:11]#[N:12])[C:21]([H:22])([H:23])[H:24],32.2931025991913
[F-:2].[F:1][C@:5]([C@:4]([H:3])([C:31]#[N:32])[C:41]([H:42])([H:43])[H:44])([H:11])[N:21]([H:22])[H:23]>>[F-:1].[F:2][C@@:5]([C@:4]([H:3])([C:31]#[N:32])[C:41]([H:42])([H:43])[H:44])([H:11])[N:21]([H:22])[H:23],31.935354358626
[Br-:2].[F:1][C@:5]([C@:4]([H:3])([C:31]([H:32])([H:33])[H:34])[C:41]#[N:42])([C:11]([H:12])([H:13])[H:14])[H:21]>>[Br:2][C@@:5]([C@:4]([H:3])([C:31]([H:32])([H:33])[H:34])[C:41]#[N:42])([C:11]([H:12])([H:13])[H:14])[H:21].[F-:1],47.98785505635334
[Cl-:2].[F:1][C@:5]([C:4]([H:3])([H:31])[C:41]([H:42])([H:43])[H:44])([H:11])[N+:21]([O-:22])[O:23]>>[Cl:2][C@@:5]([C:4]([H:3])([H:31])[C:41]([H:42])([H:43])[H:44])([H:11])[N+:21]([O-:22])[O:23].[F-:1],33.812070499653515
[Br:1][C@:5]([C:4]([H:3])([N+:31]([O-:32])[O:33])[H:41])([H:11])[C:21]([H:22])([H:23])[H:24].[F-:2]>>[Br-:1].[F:2][C@@:5]([C:4]([H:3])([N+:31]([O-:32])[O:33])[H:41])([H:11])[C:21]([H:22])([H:23])[H:24],10.978342771943014
[F-:2].[F:1][C:5]([C:4]([H:3])([N:31]([H:32])[H:33])[H:41])([H:11])[H:21]>>[F-:1].[F:2][C:5]([C:4]([H:3])([N:31]([H:32])[H:33])[H:41])([H:11])[H:21],25.79106255380147
[Cl:1][C@:5]([C:4]([H:3])([H:31])[C:41]#[N:42])([H:11])[N:21]([H:22])[H:23].[F-:2]>>[Cl-:1].[F:2][C@@:5]([C:4]([H:3])([H:31])[C:41]#[N:42])([H:11])[N:21]([H:22])[H:23],19.184704395849543
[Cl:1][C@:5]([C:4]([H:3])([N:31]([H:32])[H:33])[H:41])([H:11])[N:21]([H:22])[H:23].[F-:2]>>[Cl-:1].[F:2][C@@:5]([C:4]([H:3])([N:31]([H:32])[H:33])[H:41])([H:11])[N:21]([H:22])[H:23],15.236017698818175
[F-:2].[F:1][C@:5]([C:4]([H:3])([N+:31]([O-:32])[O:33])[H:41])([N+:11]([O-:12])[O:13])[H:21]>>[F-:1].[F:2][C@@:5]([C:4]([H:3])([N+:31]([O-:32])[O:33])[H:41])([N+:11]([O-:12])[O:13])[H:21],12.770192861470669
[Cl-:2].[Cl:1][C@:5]([C:4]([H:3])([H:31])[C:41]#[N:42])([C:11]#[N:12])[N:21]([H:22])[H:23]>>[Cl-:1].[Cl:2][C@@:5]([C:4]([H:3])([H:31])[C:41]#[N:42])([C:11]#[N:12])[N:21]([H:22])[H:23],33.27782158596204
[Br-:2].[Cl:1][C@:5]([C:4]([H:3])([H:31])[N:41]([H:42])[H:43])([H:11])[N+:21]([O-:22])[O:23]>>[Br:2][C@@:5]([C:4]([H:3])([H:31])[N:41]([H:42])[H:43])([H:11])[N+:21]([O-:22])[O:23].[Cl-:1],30.47410232535428
[Cl:1][C@:5]([C:4]([H:3])([N+:31]([O-:32])[O:33])[H:41])([C:11]([H:12])([H:13])[H:14])[C:21]#[N:22].[F-:2]>>[Cl-:1].[F:2][C@@:5]([C:4]([H:3])([N+:31]([O-:32])[O:33])[H:41])([C:11]([H:12])([H:13])[H:14])[C:21]#[N:22],18.517626188371025
[Br:1][C@:5]([C:4]([H:3])([C:31]#[N:32])[H:41])([H:11])[C:21]([H:22])([H:23])[H:24].[H-:2]>>[Br-:1].[H:2][C:5]([C:4]([H:3])([C:31]#[N:32])[H:41])([H:11])[C:21]([H:22])([H:23])[H:24],2.9432746688720712
[F-:2].[F:1][C@:5]([C:4]([H:3])([H:31])[C:41]([H:42])([H:43])[H:44])([C:11]#[N:12])[H:21]>>[F-:1].[F:2][C@@:5]([C:4]([H:3])([H:31])[C:41]([H:42])([H:43])[H:44])([C:11]#[N:12])[H:21],14.245144407241318
[Cl:1][C@:5]([C:4]([H:3])([H:31])[N:41]([H:42])[H:43])([C:11]#[N:12])[H:21].[F-:2]>>[Cl-:1].[F:2][C@@:5]([C:4]([H:3])([H:31])[N:41]([H:42])[H:43])([C:11]#[N:12])[H:21],18.584748570934508
[F-:2].[F:1][C@:5]([C:4]([H:3])([C:31]([H:32])([H:33])[H:34])[H:41])([H:11])[C:21]#[N:22]>>[F-:1].[F:2][C@@:5]([C:4]([H:3])([C:31]([H:32])([H:33])[H:34])[H:41])([H:11])[C:21]#[N:22],15.681658279875103
[Cl-:2].[F:1][C@:5]([C@:4]([H:3])([C:31]#[N:32])[C:41]([H:42])([H:43])[H:44])([N:11]([H:12])[H:13])[N+:21]([O-:22])[O:23]>>[Cl:2][C@@:5]([C@:4]([H:3])([C:31]#[N:32])[C:41]([H:42])([H:43])[H:44])([N:11]([H:12])[H:13])[N+:21]([O-:22])[O:23].[F-:1],47.94525056586672
[F:1][C@:5]([C:4]([H:3])([H:31])[C:41]#[N:42])([C:11]([H:12])([H:13])[H:14])[C:21]#[N:22].[H-:2]>>[F-:1].[H:2][C@@:5]([C:4]([H:3])([H:31])[C:41]#[N:42])([C:11]([H:12])([H:13])[H:14])[C:21]#[N:22],11.000210490415306
[Cl:1][C@:5]([C@:4]([H:3])([C:31]([H:32])([H:33])[H:34])[N:41]([H:42])[H:43])([N+:11]([O-:12])[O:13])[N:21]([H:22])[H:23].[F-:2]>>[Cl-:1].[F:2][C@@:5]([C@:4]([H:3])([C:31]([H:32])([H:33])[H:34])[N:41]([H:42])[H:43])([N+:11]([O-:12])[O:13])[N:21]([H:22])[H:23],33.43458106925398
[Br:1][C@:5]([C:4]([H:3])([H:31])[N:41]([H:42])[H:43])([H:11])[C:21]([H:22])([H:23])[H:24].[F-:2]>>[Br-:1].[F:2][C@@:5]([C:4]([H:3])([H:31])[N:41]([H:42])[H:43])([H:11])[C:21]([H:22])([H:23])[H:24],17.98818640803939
[F-:2].[F:1][C@:5]([C@:4]([H:3])([C:31]#[N:32])[N:41]([H:42])[H:43])([H:11])[N:21]([H:22])[H:23]>>[F-:1].[F:2][C@@:5]([C@:4]([H:3])([C:31]#[N:32])[N:41]([H:42])[H:43])([H:11])[N:21]([H:22])[H:23],37.43128130326858
[Cl-:2].[F:1][C@:5]([C:4]([H:3])([C:31]#[N:32])[C:41]#[N:42])([H:11])[C:21]([H:22])([H:23])[H:24]>>[Cl:2][C@@:5]([C:4]([H:3])([C:31]#[N:32])[C:41]#[N:42])([H:11])[C:21]([H:22])([H:23])[H:24].[F-:1],41.90527040273036
[Br:1][C@:5]([C@:4]([H:3])([N+:31]([O-:32])[O:33])[C:41]#[N:42])([C:11]([H:12])([H:13])[H:14])[C:21]#[N:22].[F-:2]>>[Br-:1].[F:2][C@@:5]([C@:4]([H:3])([N+:31]([O-:32])[O:33])[C:41]#[N:42])([C:11]([H:12])([H:13])[H:14])[C:21]#[N:22],3.0435619909254075
[F-:2].[F:1][C:5]([C@:4]([H:3])([C:31]#[N:32])[N+:41]([O-:42])[O:43])([N:11]([H:12])[H:13])[N:21]([H:22])[H:23]>>[F-:1].[F:2][C:5]([C@:4]([H:3])([C:31]#[N:32])[N+:41]([O-:42])[O:43])([N:11]([H:12])[H:13])[N:21]([H:22])[H:23],43.53775876152688
[F-:2].[F:1][C@:5]([C@:4]([H:3])([C:31]([H:32])([H:33])[H:34])[N:41]([H:42])[H:43])([N:11]([H:12])[H:13])[C:21]([H:22])([H:23])[H:24]>>[F-:1].[F:2][C@@:5]([C@:4]([H:3])([C:31]([H:32])([H:33])[H:34])[N:41]([H:42])[H:43])([N:11]([H:12])[H:13])[C:21]([H:22])([H:23])[H:24],44.20772613027895
[Cl:1][C@:5]([C:4]([H:3])([C:31]#[N:32])[H:41])([C:11]([H:12])([H:13])[H:14])[C:21]#[N:22].[F-:2]>>[Cl-:1].[F:2][C@@:5]([C:4]([H:3])([C:31]#[N:32])[H:41])([C:11]([H:12])([H:13])[H:14])[C:21]#[N:22],17.566110313889926
[F-:2].[F:1][C@:5]([C:4]([H:3])([N+:31]([O-:32])[O:33])[H:41])([H:11])[C:21]([H:22])([H:23])[H:24]>>[F-:1].[F:2][C@@:5]([C:4]([H:3])([N+:31]([O-:32])[O:33])[H:41])([H:11])[C:21]([H:22])([H:23])[H:24],23.241270685425587
[Br-:2].[Br:1][C@:5]([C:4]([H:3])([C:31]#[N:32])[H:41])([H:11])[C:21]#[N:22]>>[Br-:1].[Br:2][C@@:5]([C:4]([H:3])([C:31]#[N:32])[H:41])([H:11])[C:21]#[N:22],18.8549068509617
[F-:2].[F:1][C@:5]([C:4]([H:3])([H:31])[N:41]([H:42])[H:43])([N:11]([H:12])[H:13])[C:21]([H:22])([H:23])[H:24]>>[F-:1].[F:2][C@@:5]([C:4]([H:3])([H:31])[N:41]([H:42])[H:43])([N:11]([H:12])[H:13])[C:21]([H:22])([H:23])[H:24],47.72567691431325
[F-:2].[F:1][C@:5]([C:4]([H:3])([N:31]([H:32])[H:33])[N:41]([H:42])[H:43])([C:11]#[N:12])[N:21]([H:22])[H:23]>>[F-:1].[F:2][C@@:5]([C:4]([H:3])([N:31]([H:32])[H:33])[N:41]([H:42])[H:43])([C:11]#[N:12])[N:21]([H:22])[H:23],37.352718885686016
[Cl-:2].[F:1][C@:5]([C:4]([H:3])([H:31])[C:41]#[N:42])([N+:11]([O-:12])[O:13])[C:21]([H:22])([H:23])[H:24]>>[Cl:2][C@@:5]([C:4]([H:3])([H:31])[C:41]#[N:42])([N+:11]([O-:12])[O:13])[C:21]([H:22])([H:23])[H:24].[F-:1],46.425304627147725
[Br:1][C:5]([C@:4]([H:3])([C:31]#[N:32])[N+:41]([O-:42])[O:43])([H:11])[H:21].[Cl-:2]>>[Br-:1].[Cl:2][C:5]([C@:4]([H:3])([C:31]#[N:32])[N+:41]([O-:42])[O:43])([H:11])[H:21],21.617706863048102
[F:1][C@:5]([C:4]([H:3])([H:31])[H:41])([H:11])[N:21]([H:22])[H:23].[H-:2]>>[F-:1].[H:2][C:5]([C:4]([H:3])([H:31])[H:41])([H:11])[N:21]([H:22])[H:23],26.85541278214213
[Br-:2].[Cl:1][C@:5]([C@:4]([H:3])([N:31]([H:32])[H:33])[C:41]([H:42])([H:43])[H:44])([H:11])[C:21]([H:22])([H:23])[H:24]>>[Br:2][C@@:5]([C@:4]([H:3])([N:31]([H:32])[H:33])[C:41]([H:42])([H:43])[H:44])([H:11])[C:21]([H:22])([H:23])[H:24].[Cl-:1],35.51443737166651
[F-:2].[F:1][C:5]([C@:4]([H:3])([N:31]([H:32])[H:33])[C:41]#[N:42])([N:11]([H:12])[H:13])[N:21]([H:22])[H:23]>>[F-:1].[F:2][C:5]([C@:4]([H:3])([N:31]([H:32])[H:33])[C:41]#[N:42])([N:11]([H:12])[H:13])[N:21]([H:22])[H:23],43.61904934768479
[F-:2].[F:1][C@:5]([C@:4]([H:3])([N:31]([H:32])[H:33])[C:41]#[N:42])([N:11]([H:12])[H:13])[C:21]([H:22])([H:23])[H:24]>>[F-:1].[F:2][C@@:5]([C@:4]([H:3])([N:31]([H:32])[H:33])[C:41]#[N:42])([N:11]([H:12])[H:13])[C:21]([H:22])([H:23])[H:24],46.17914657198325
[Cl:1][C:5]([C@:4]([H:3])([C:31]#[N:32])[C:41]([H:42])([H:43])[H:44])([N:11]([H:12])[H:13])[N:21]([H:22])[H:23].[F-:2]>>[Cl-:1].[F:2][C:5]([C@:4]([H:3])([C:31]#[N:32])[C:41]([H:42])([H:43])[H:44])([N:11]([H:12])[H:13])[N:21]([H:22])[H:23],29.781139594174924
[F-:2].[F:1][C:5]([C:4]([H:3])([H:31])[N:41]([H:42])[H:43])([H:11])[H:21]>>[F-:1].[F:2][C:5]([C:4]([H:3])([H:31])[N:41]([H:42])[H:43])([H:11])[H:21],28.55530781593322
[Cl:1][C@:5]([C:4]([H:3])([H:31])[N:41]([H:42])[H:43])([N:11]([H:12])[H:13])[N+:21]([O-:22])[O:23].[F-:2]>>[Cl-:1].[F:2][C@@:5]([C:4]([H:3])([H:31])[N:41]([H:42])[H:43])([N:11]([H:12])[H:13])[N+:21]([O-:22])[O:23],24.190675300192108
[Cl-:2].[F:1][C:5]([C:4]([H:3])([C:31]#[N:32])[C:41]#[N:42])([N:11]([H:12])[H:13])[N:21]([H:22])[H:23]>>[Cl:2][C:5]([C:4]([H:3])([C:31]#[N:32])[C:41]#[N:42])([N:11]([H:12])[H:13])[N:21]([H:22])[H:23].[F-:1],56.864284957762
[Br:1][C@:5]([C:4]([H:3])([C:31]#[N:32])[H:41])([H:11])[C:21]#[N:22].[F-:2]>>[Br-:1].[F:2][C@@:5]([C:4]([H:3])([C:31]#[N:32])[H:41])([H:11])[C:21]#[N:22],8.013283866503658
[F:1][C@:5]([C:4]([H:3])([N:31]([H:32])[H:33])[N:41]([H:42])[H:43])([C:11]([H:12])([H:13])[H:14])[N:21]([H:22])[H:23].[H-:2]>>[F-:1].[H:2][C@@:5]([C:4]([H:3])([N:31]([H:32])[H:33])[N:41]([H:42])[H:43])([C:11]([H:12])([H:13])[H:14])[N:21]([H:22])[H:23],35.977686573633854
[Cl-:2].[F:1][C@:5]([C@:4]([H:3])([C:31]([H:32])([H:33])[H:34])[N+:41]([O-:42])[O:43])([H:11])[C:21]([H:22])([H:23])[H:24]>>[Cl:2][C@@:5]([C@:4]([H:3])([C:31]([H:32])([H:33])[H:34])[N+:41]([O-:42])[O:43])([H:11])[C:21]([H:22])([H:23])[H:24].[F-:1],46.083268787805565
[F:1][C@:5]([C@:4]([H:3])([C:31]#[N:32])[N:41]([H:42])[H:43])([C:11]([H:12])([H:13])[H:14])[H:21].[H-:2]>>[F-:1].[H:2][C:5]([C@:4]([H:3])([C:31]#[N:32])[N:41]([H:42])[H:43])([C:11]([H:12])([H:13])[H:14])[H:21],24.55402127774985
[Br:1][C@:5]([C:4]([H:3])([C:31]([H:32])([H:33])[H:34])[H:41])([H:11])[N:21]([H:22])[H:23].[H-:2]>>[Br-:1].[H:2][C:5]([C:4]([H:3])([C:31]([H:32])([H:33])[H:34])[H:41])([H:11])[N:21]([H:22])[H:23],8.517617955593915
[Br-:2].[Cl:1][C@:5]([C:4]([H:3])([N:31]([H:32])[H:33])[H:41])([C:11]#[N:12])[H:21]>>[Br:2][C@@:5]([C:4]([H:3])([N:31]([H:32])[H:33])[H:41])([C:11]#[N:12])[H:21].[Cl-:1],29.94383086738756
[F:1][C@:5]([C@:4]([H:3])([C:31]#[N:32])[N:41]([H:42])[H:43])([N+:11]([O-:12])[O:13])[H:21].[H-:2]>>[F-:1].[H:2][C:5]([C@:4]([H:3])([C:31]#[N:32])[N:41]([H:42])[H:43])([N+:11]([O-:12])[O:13])[H:21],14.28574385176589
[F-:2].[F:1][C@:5]([C:4]([H:3])([H:31])[H:41])([C:11]#[N:12])[N:21]([H:22])[H:23]>>[F-:1].[F:2][C@@:5]([C:4]([H:3])([H:31])[H:41])([C:11]#[N:12])[N:21]([H:22])[H:23],28.839919969759265
[Cl:1][C@:5]([C:4]([H:3])([H:31])[H:41])([H:11])[C:21]#[N:22].[F-:2]>>[Cl-:1].[F:2][C@@:5]([C:4]([H:3])([H:31])[H:41])([H:11])[C:21]#[N:22],2.386942623915477
[Br-:2].[F:1][C:5]([C@:4]([H:3])([N:31]([H:32])[H:33])[N+:41]([O-:42])[O:43])([H:11])[H:21]>>[Br:2][C:5]([C@:4]([H:3])([N:31]([H:32])[H:33])[N+:41]([O-:42])[O:43])([H:11])[H:21].[F-:1],42.58969075700165
[F:1][C@:5]([C@:4]([H:3])([C:31]([H:32])([H:33])[H:34])[C:41]#[N:42])([H:11])[N:21]([H:22])[H:23].[H-:2]>>[F-:1].[H:2][C:5]([C@:4]([H:3])([C:31]([H:32])([H:33])[H:34])[C:41]#[N:42])([H:11])[N:21]([H:22])[H:23],30.44229811810808
[Br:1][C@:5]([C:4]([H:3])([H:31])[N+:41]([O-:42])[O:43])([H:11])[C:21]([H:22])([H:23])[H:24].[H-:2]>>[Br-:1].[H:2][C:5]([C:4]([H:3])([H:31])[N+:41]([O-:42])[O:43])([H:11])[C:21]([H:22])([H:23])[H:24],10.222175148179312
[Cl-:2].[Cl:1][C@:5]([C@:4]([H:3])([N:31]([H:32])[H:33])[C:41]#[N:42])([N+:11]([O-:12])[O:13])[C:21]([H:22])([H:23])[H:24]>>[Cl-:1].[Cl:2][C@@:5]([C@:4]([H:3])([N:31]([H:32])[H:33])[C:41]#[N:42])([N+:11]([O-:12])[O:13])[C:21]([H:22])([H:23])[H:24],36.217687673155154
[Br:1][C@:5]([C:4]([H:3])([C:31]([H:32])([H:33])[H:34])[H:41])([N+:11]([O-:12])[O:13])[C:21]([H:22])([H:23])[H:24].[Cl-:2]>>[Br-:1].[Cl:2][C@@:5]([C:4]([H:3])([C:31]([H:32])([H:33])[H:34])[H:41])([N+:11]([O-:12])[O:13])[C:21]([H:22])([H:23])[H:24],23.27320957559205
[Br:1][C:5]([C@:4]([H:3])([C:31]([H:32])([H:33])[H:34])[C:41]#[N:42])([H:11])[H:21].[F-:2]>>[Br-:1].[F:2][C:5]([C@:4]([H:3])([C:31]([H:32])([H:33])[H:34])[C:41]#[N:42])([H:11])[H:21],13.603822532663267
[F-:2].[F:1][C@:5]([C@:4]([H:3])([C:31]([H:32])([H:33])[H:34])[N+:41]([O-:42])[O:43])([C:11]([H:12])([H:13])[H:14])[N:21]([H:22])[H:23]>>[F-:1].[F:2][C@@:5]([C@:4]([H:3])([C:31]([H:32])([H:33])[H:34])[N+:41]([O-:42])[O:43])([C:11]([H:12])([H:13])[H:14])[N:21]([H:22])[H:23],38.53098830972522
[F-:2].[F:1][C@:5]([C:4]([H:3])([H:31])[C:41]#[N:42])([N+:11]([O-:12])[O:13])[H:21]>>[F-:1].[F:2][C@@:5]([C:4]([H:3])([H:31])[C:41]#[N:42])([N+:11]([O-:12])[O:13])[H:21],16.867082735494048
[Cl:1][C@:5]([C:4]([H:3])([H:31])[C:41]([H:42])([H:43])[H:44])([H:11])[N+:21]([O-:22])[O:23].[F-:2]>>[Cl-:1].[F:2][C@@:5]([C:4]([H:3])([H:31])[C:41]([H:42])([H:43])[H:44])([H:11])[N+:21]([O-:22])[O:23],4.285375157711883
[Cl:1][C@:5]([C@:4]([H:3])([N:31]([H:32])[H:33])[C:41]([H:42])([H:43])[H:44])([C:11]([H:12])([H:13])[H:14])[H:21].[H-:2]>>[Cl-:1].[H:2][C:5]([C@:4]([H:3])([N:31]([H:32])[H:33])[C:41]([H:42])([H:43])[H:44])([C:11]([H:12])([H:13])[H:14])[H:21],16.919586809500288
[F-:2].[F:1][C@:5]([C@:4]([H:3])([N:31]([H:32])[H:33])[C:41]([H:42])([H:43])[H:44])([N+:11]([O-:12])[O:13])[N:21]([H:22])[H:23]>>[F-:1].[F:2][C@@:5]([C@:4]([H:3])([N:31]([H:32])[H:33])[C:41]([H:42])([H:43])[H:44])([N+:11]([O-:12])[O:13])[N:21]([H:22])[H:23],37.37618771613913
[F:1][C@:5]([C:4]([H:3])([N:31]([H:32])[H:33])[N:41]([H:42])[H:43])([N+:11]([O-:12])[O:13])[N:21]([H:22])[H:23].[H-:2]>>[F-:1].[H:2][C@@:5]([C:4]([H:3])([N:31]([H:32])[H:33])[N:41]([H:42])[H:43])([N+:11]([O-:12])[O:13])[N:21]([H:22])[H:23],26.53208998069204
[F:1][C@:5]([C@:4]([H:3])([N:31]([H:32])[H:33])[C:41]([H:42])([H:43])[H:44])([N+:11]([O-:12])[O:13])[H:21].[H-:2]>>[F-:1].[H:2][C:5]([C@:4]([H:3])([N:31]([H:32])[H:33])[C:41]([H:42])([H:43])[H:44])([N+:11]([O-:12])[O:13])[H:21],14.574668089094269
[Br-:2].[Br:1][C@:5]([C:4]([H:3])([C:31]([H:32])([H:33])[H:34])[H:41])([H:11])[C:21]#[N:22]>>[Br-:1].[Br:2][C@@:5]([C:4]([H:3])([C:31]([H:32])([H:33])[H:34])[H:41])([H:11])[C:21]#[N:22],18.72014005218849
[F-:2].[F:1][C@:5]([C@:4]([H:3])([C:31]([H:32])([H:33])[H:34])[C:41]#[N:42])([N+:11]([O-:12])[O:13])[H:21]>>[F-:1].[F:2][C@@:5]([C@:4]([H:3])([C:31]([H:32])([H:33])[H:34])[C:41]#[N:42])([N+:11]([O-:12])[O:13])[H:21],20.396759935092547
[Cl:1][C@:5]([C@:4]([H:3])([N:31]([H:32])[H:33])[C:41]#[N:42])([C:11]([H:12])([H:13])[H:14])[C:21]#[N:22].[F-:2]>>[Cl-:1].[F:2][C@@:5]([C@:4]([H:3])([N:31]([H:32])[H:33])[C:41]#[N:42])([C:11]([H:12])([H:13])[H:14])[C:21]#[N:22],23.26262703562653
[Cl:1][C@:5]([C:4]([H:3])([C:31]#[N:32])[H:41])([N:11]([H:12])[H:13])[H:21].[F-:2]>>[Cl-:1].[F:2][C@@:5]([C:4]([H:3])([C:31]#[N:32])[H:41])([N:11]([H:12])[H:13])[H:21],14.647157064664992
[Br-:2].[F:1][C@:5]([C:4]([H:3])([H:31])[N+:41]([O-:42])[O:43])([C:11]([H:12])([H:13])[H:14])[H:21]>>[Br:2][C@@:5]([C:4]([H:3])([H:31])[N+:41]([O-:42])[O:43])([C:11]([H:12])([H:13])[H:14])[H:21].[F-:1],48.18402020332314
[Br:1][C@:5]([C:4]([H:3])([N:31]([H:32])[H:33])[N:41]([H:42])[H:43])([C:11]#[N:12])[H:21].[H-:2]>>[Br-:1].[H:2][C:5]([C:4]([H:3])([N:31]([H:32])[H:33])[N:41]([H:42])[H:43])([C:11]#[N:12])[H:21],14.845505812485024
[Cl:1][C@:5]([C@:4]([H:3])([C:31]([H:32])([H:33])[H:34])[N:41]([H:42])[H:43])([N+:11]([O-:12])[O:13])[C:21]#[N:22].[F-:2]>>[Cl-:1].[F:2][C@@:5]([C@:4]([H:3])([C:31]([H:32])([H:33])[H:34])[N:41]([H:42])[H:43])([N+:11]([O-:12])[O:13])[C:21]#[N:22],17.141707307570314
[Cl-:2].[F:1][C@:5]([C:4]([H:3])([C:31]#[N:32])[C:41]#[N:42])([H:11])[N:21]([H:22])[H:23]>>[Cl:2][C@@:5]([C:4]([H:3])([C:31]#[N:32])[C:41]#[N:42])([H:11])[N:21]([H:22])[H:23].[F-:1],47.27350505191457
[Br-:2].[Cl:1][C@:5]([C:4]([H:3])([C:31]#[N:32])[H:41])([N+:11]([O-:12])[O:13])[H:21]>>[Br:2][C@@:5]([C:4]([H:3])([C:31]#[N:32])[H:41])([N+:11]([O-:12])[O:13])[H:21].[Cl-:1],26.219363449186268
[Br:1][C@:5]([C:4]([H:3])([N:31]([H:32])[H:33])[H:41])([N:11]([H:12])[H:13])[C:21]#[N:22].[F-:2]>>[Br-:1].[F:2][C@@:5]([C:4]([H:3])([N:31]([H:32])[H:33])[H:41])([N:11]([H:12])[H:13])[C:21]#[N:22],18.836028743744546
[Br:1][C@:5]([C@:4]([H:3])([C:31]([H:32])([H:33])[H:34])[C:41]#[N:42])([H:11])[C:21]#[N:22].[F-:2]>>[Br-:1].[F:2][C@@:5]([C@:4]([H:3])([C:31]([H:32])([H:33])[H:34])[C:41]#[N:42])([H:11])[C:21]#[N:22],11.95257707910062
[Cl:1][C@:5]([C:4]([H:3])([C:31]#[N:32])[H:41])([H:11])[C:21]([H:22])([H:23])[H:24].[F-:2]>>[Cl-:1].[F:2][C@@:5]([C:4]([H:3])([C:31]#[N:32])[H:41])([H:11])[C:21]([H:22])([H:23])[H:24],7.927921535464224
[F:1][C@:5]([C:4]([H:3])([C:31]([H:32])([H:33])[H:34])[C:41]([H:42])([H:43])[H:44])([N:11]([H:12])[H:13])[N+:21]([O-:22])[O:23].[H-:2]>>[F-:1].[H:2][C@@:5]([C:4]([H:3])([C:31]([H:32])([H:33])[H:34])[C:41]([H:42])([H:43])[H:44])([N:11]([H:12])[H:13])[N+:21]([O-:22])[O:23],7.995243697172346
[Cl-:2].[F:1][C@:5]([C:4]([H:3])([N:31]([H:32])[H:33])[N:41]([H:42])[H:43])([H:11])[C:21]([H:22])([H:23])[H:24]>>[Cl:2][C@@:5]([C:4]([H:3])([N:31]([H:32])[H:33])[N:41]([H:42])[H:43])([H:11])[C:21]([H:22])([H:23])[H:24].[F-:1],46.04815628318482
[Br:1][C@:5]([C:4]([H:3])([C:31]([H:32])([H:33])[H:34])[H:41])([C:11]#[N:12])[N:21]([H:22])[H:23].[H-:2]>>[Br-:1].[H:2][C@@:5]([C:4]([H:3])([C:31]([H:32])([H:33])[H:34])[H:41])([C:11]#[N:12])[N:21]([H:22])[H:23],5.250818497774183
[Br:1][C:5]([C@:4]([H:3])([N:31]([H:32])[H:33])[N+:41]([O-:42])[O:43])([N:11]([H:12])[H:13])[N:21]([H:22])[H:23].[H-:2]>>[Br-:1].[H:2][C:5]([C@:4]([H:3])([N:31]([H:32])[H:33])[N+:41]([O-:42])[O:43])([N:11]([H:12])[H:13])[N:21]([H:22])[H:23],25.9277806767246
[Cl-:2].[Cl:1][C@:5]([C:4]([H:3])([H:31])[H:41])([N+:11]([O-:12])[O:13])[H:21]>>[Cl-:1].[Cl:2][C@@:5]([C:4]([H:3])([H:31])[H:41])([N+:11]([O-:12])[O:13])[H:21],21.53463222871399
[Cl:1][C@:5]([C:4]([H:3])([N+:31]([O-:32])[O:33])[N+:41]([O-:42])[O:43])([H:11])[C:21]#[N:22].[F-:2]>>[Cl-:1].[F:2][C@@:5]([C:4]([H:3])([N+:31]([O-:32])[O:33])[N+:41]([O-:42])[O:43])([H:11])[C:21]#[N:22],2.6272113099167567
[Cl:1][C@:5]([C:4]([H:3])([C:31]([H:32])([H:33])[H:34])[H:41])([N:11]([H:12])[H:13])[N+:21]([O-:22])[O:23].[F-:2]>>[Cl-:1].[F:2][C@@:5]([C:4]([H:3])([C:31]([H:32])([H:33])[H:34])[H:41])([N:11]([H:12])[H:13])[N+:21]([O-:22])[O:23],25.22724928752924
[F-:2].[F:1][C@:5]([C:4]([H:3])([N:31]([H:32])[H:33])[H:41])([N+:11]([O-:12])[O:13])[N:21]([H:22])[H:23]>>[F-:1].[F:2][C@@:5]([C:4]([H:3])([N:31]([H:32])[H:33])[H:41])([N+:11]([O-:12])[O:13])[N:21]([H:22])[H:23],32.960631485230266
[Cl:1][C@:5]([C:4]([H:3])([N:31]([H:32])[H:33])[H:41])([C:11]#[N:12])[C:21]([H:22])([H:23])[H:24].[F-:2]>>[Cl-:1].[F:2][C@@:5]([C:4]([H:3])([N:31]([H:32])[H:33])[H:41])([C:11]#[N:12])[C:21]([H:22])([H:23])[H:24],13.860135828312044
[Cl:1][C@:5]([C@:4]([H:3])([N+:31]([O-:32])[O:33])[C:41]#[N:42])([H:11])[C:21]#[N:22].[F-:2]>>[Cl-:1].[F:2][C@@:5]([C@:4]([H:3])([N+:31]([O-:32])[O:33])[C:41]#[N:42])([H:11])[C:21]#[N:22],9.779462891352996
[F:1][C@:5]([C:4]([H:3])([H:31])[N+:41]([O-:42])[O:43])([C:11]([H:12])([H:13])[H:14])[N+:21]([O-:22])[O:23].[H-:2]>>[F-:1].[H:2][C@@:5]([C:4]([H:3])([H:31])[N+:41]([O-:42])[O:43])([C:11]([H:12])([H:13])[H:14])[N+:21]([O-:22])[O:23],1.4190239036279453
[Cl:1][C@:5]([C:4]([H:3])([N:31]([H:32])[H:33])[H:41])([N:11]([H:12])[H:13])[C:21]#[N:22].[F-:2]>>[Cl-:1].[F:2][C@@:5]([C:4]([H:3])([N:31]([H:32])[H:33])[H:41])([N:11]([H:12])[H:13])[C:21]#[N:22],22.145915308179426
[Cl-:2].[Cl:1][C@:5]([C@:4]([H:3])([C:31]([H:32])([H:33])[H:34])[C:41]#[N:42])([C:11]([H:12])([H:13])[H:14])[H:21]>>[Cl-:1].[Cl:2][C@@:5]([C@:4]([H:3])([C:31]([H:32])([H:33])[H:34])[C:41]#[N:42])([C:11]([H:12])([H:13])[H:14])[H:21],32.235666947534696
[Br-:2].[Br:1][C:5]([C:4]([H:3])([H:31])[H:41])([H:11])[C:21]([H:22])([H:23])[H:24]>>[Br-:1].[Br:2][C:5]([C:4]([H:3])([H:31])[H:41])([H:11])[C:21]([H:22])([H:23])[H:24],18.450752946948047
[Cl:1][C@:5]([C:4]([H:3])([C:31]#[N:32])[H:41])([N+:11]([O-:12])[O:13])[N:21]([H:22])[H:23].[H-:2]>>[Cl-:1].[H:2][C@@:5]([C:4]([H:3])([C:31]#[N:32])[H:41])([N+:11]([O-:12])[O:13])[N:21]([H:22])[H:23],5.39542308134569
[Cl:1][C@:5]([C:4]([H:3])([N+:31]([O-:32])[O:33])[N+:41]([O-:42])[O:43])([C:11]([H:12])([H:13])[H:14])[H:21].[F-:2]>>[Cl-:1].[F:2][C@@:5]([C:4]([H:3])([N+:31]([O-:32])[O:33])[N+:41]([O-:42])[O:43])([C:11]([H:12])([H:13])[H:14])[H:21],9.235325324946972
[F-:2].[F:1][C@:5]([C:4]([H:3])([N:31]([H:32])[H:33])[N:41]([H:42])[H:43])([H:11])[C:21]#[N:22]>>[F-:1].[F:2][C@@:5]([C:4]([H:3])([N:31]([H:32])[H:33])[N:41]([H:42])[H:43])([H:11])[C:21]#[N:22],32.466699999840735
[Br:1][C@:5]([C:4]([H:3])([N+:31]([O-:32])[O:33])[N+:41]([O-:42])[O:43])([N:11]([H:12])[H:13])[H:21].[H-:2]>>[Br-:1].[H:2][C:5]([C:4]([H:3])([N+:31]([O-:32])[O:33])[N+:41]([O-:42])[O:43])([N:11]([H:12])[H:13])[H:21],6.595308544318278
[Cl:1][C:5]([C:4]([H:3])([H:31])[H:41])([C:11]([H:12])([H:13])[H:14])[C:21]([H:22])([H:23])[H:24].[F-:2]>>[Cl-:1].[F:2][C:5]([C:4]([H:3])([H:31])[H:41])([C:11]([H:12])([H:13])[H:14])[C:21]([H:22])([H:23])[H:24],17.693424712847733
[Cl:1][C@:5]([C:4]([H:3])([H:31])[C:41]#[N:42])([N:11]([H:12])[H:13])[H:21].[F-:2]>>[Cl-:1].[F:2][C@@:5]([C:4]([H:3])([H:31])[C:41]#[N:42])([N:11]([H:12])[H:13])[H:21],18.449095037774235
[Br:1][C:5]([C:4]([H:3])([H:31])[N+:41]([O-:42])[O:43])([C:11]([H:12])([H:13])[H:14])[C:21]([H:22])([H:23])[H:24].[Cl-:2]>>[Br-:1].[Cl:2][C:5]([C:4]([H:3])([H:31])[N+:41]([O-:42])[O:43])([C:11]([H:12])([H:13])[H:14])[C:21]([H:22])([H:23])[H:24],35.545413725329205
[F:1][C@:5]([C:4]([H:3])([N:31]([H:32])[H:33])[H:41])([C:11]([H:12])([H:13])[H:14])[C:21]#[N:22].[H-:2]>>[F-:1].[H:2][C@@:5]([C:4]([H:3])([N:31]([H:32])[H:33])[H:41])([C:11]([H:12])([H:13])[H:14])[C:21]#[N:22],8.649933150287824
[Cl:1][C@:5]([C@:4]([H:3])([N:31]([H:32])[H:33])[C:41]#[N:42])([N:11]([H:12])[H:13])[C:21]#[N:22].[H-:2]>>[Cl-:1].[H:2][C@@:5]([C@:4]([H:3])([N:31]([H:32])[H:33])[C:41]#[N:42])([N:11]([H:12])[H:13])[C:21]#[N:22],9.841602526508527
[Br-:2].[Cl:1][C:5]([C@:4]([H:3])([C:31]#[N:32])[C:41]([H:42])([H:43])[H:44])([H:11])[H:21]>>[Br:2][C:5]([C@:4]([H:3])([C:31]#[N:32])[C:41]([H:42])([H:43])[H:44])([H:11])[H:21].[Cl-:1],30.40292677333861
[Br:1][C:5]([C:4]([H:3])([C:31]([H:32])([H:33])[H:34])[H:41])([C:11]([H:12])([H:13])[H:14])[C:21]([H:22])([H:23])[H:24].[F-:2]>>[Br-:1].[F:2][C:5]([C:4]([H:3])([C:31]([H:32])([H:33])[H:34])[H:41])([C:11]([H:12])([H:13])[H:14])[C:21]([H:22])([H:23])[H:24],14.917116896335433
[Cl-:2].[F:1][C@:5]([C@:4]([H:3])([N+:31]([O-:32])[O:33])[C:41]#[N:42])([C:11]([H:12])([H:13])[H:14])[C:21]#[N:22]>>[Cl:2][C@@:5]([C@:4]([H:3])([N+:31]([O-:32])[O:33])[C:41]#[N:42])([C:11]([H:12])([H:13])[H:14])[C:21]#[N:22].[F-:1],41.54882791209781
[Cl-:2].[Cl:1][C@:5]([C:4]([H:3])([C:31]#[N:32])[C:41]#[N:42])([N:11]([H:12])[H:13])[N+:21]([O-:22])[O:23]>>[Cl-:1].[Cl:2][C@@:5]([C:4]([H:3])([C:31]#[N:32])[C:41]#[N:42])([N:11]([H:12])[H:13])[N+:21]([O-:22])[O:23],36.46422893413055
[F:1][C@:5]([C:4]([H:3])([H:31])[H:41])([N:11]([H:12])[H:13])[N+:21]([O-:22])[O:23].[H-:2]>>[F-:1].[H:2][C@@:5]([C:4]([H:3])([H:31])[H:41])([N:11]([H:12])[H:13])[N+:21]([O-:22])[O:23],20.848058553041533
[Br:1][C@:5]([C@:4]([H:3])([N:31]([H:32])[H:33])[C:41]([H:42])([H:43])[H:44])([H:11])[C:21]#[N:22].[Cl-:2]>>[Br-:1].[Cl:2][C@@:5]([C@:4]([H:3])([N:31]([H:32])[H:33])[C:41]([H:42])([H:43])[H:44])([H:11])[C:21]#[N:22],28.74473912499645
[Br-:2].[F:1][C@:5]([C:4]([H:3])([C:31]#[N:32])[H:41])([N+:11]([O-:12])[O:13])[N:21]([H:22])[H:23]>>[Br:2][C@@:5]([C:4]([H:3])([C:31]#[N:32])[H:41])([N+:11]([O-:12])[O:13])[N:21]([H:22])[H:23].[F-:1],48.83010312111753
[Cl-:2].[Cl:1][C@:5]([C:4]([H:3])([H:31])[H:41])([N+:11]([O-:12])[O:13])[C:21]#[N:22]>>[Cl-:1].[Cl:2][C@@:5]([C:4]([H:3])([H:31])[H:41])([N+:11]([O-:12])[O:13])[C:21]#[N:22],18.525682339291087
[Br-:2].[Br:1][C@:5]([C@:4]([H:3])([C:31]([H:32])([H:33])[H:34])[N+:41]([O-:42])[O:43])([H:11])[C:21]([H:22])([H:23])[H:24]>>[Br-:1].[Br:2][C@@:5]([C@:4]([H:3])([C:31]([H:32])([H:33])[H:34])[N+:41]([O-:42])[O:43])([H:11])[C:21]([H:22])([H:23])[H:24],30.19205403796299
[F:1][C@:5]([C:4]([H:3])([C:31]#[N:32])[H:41])([N:11]([H:12])[H:13])[C:21]#[N:22].[H-:2]>>[F-:1].[H:2][C@@:5]([C:4]([H:3])([C:31]#[N:32])[H:41])([N:11]([H:12])[H:13])[C:21]#[N:22],23.68552158491612
[Br-:2].[F:1][C@:5]([C:4]([H:3])([H:31])[N:41]([H:42])[H:43])([C:11]#[N:12])[C:21]([H:22])([H:23])[H:24]>>[Br:2][C@@:5]([C:4]([H:3])([H:31])[N:41]([H:42])[H:43])([C:11]#[N:12])[C:21]([H:22])([H:23])[H:24].[F-:1],49.069926554956254
[Br-:2].[F:1][C@:5]([C:4]([H:3])([N:31]([H:32])[H:33])[N:41]([H:42])[H:43])([N:11]([H:12])[H:13])[C:21]#[N:22]>>[Br:2][C@@:5]([C:4]([H:3])([N:31]([H:32])[H:33])[N:41]([H:42])[H:43])([N:11]([H:12])[H:13])[C:21]#[N:22].[F-:1],55.065509748126686
[Br:1][C@:5]([C:4]([H:3])([C:31]#[N:32])[H:41])([N:11]([H:12])[H:13])[C:21]([H:22])([H:23])[H:24].[F-:2]>>[Br-:1].[F:2][C@@:5]([C:4]([H:3])([C:31]#[N:32])[H:41])([N:11]([H:12])[H:13])[C:21]([H:22])([H:23])[H:24],11.777587533141109
[F:1][C:5]([C@:4]([H:3])([C:31]#[N:32])[C:41]([H:42])([H:43])[H:44])([N:11]([H:12])[H:13])[N:21]([H:22])[H:23].[H-:2]>>[F-:1].[H:2][C:5]([C@:4]([H:3])([C:31]#[N:32])[C:41]([H:42])([H:43])[H:44])([N:11]([H:12])[H:13])[N:21]([H:22])[H:23],36.66121133209968
[Cl:1][C:5]([C:4]([H:3])([C:31]#[N:32])[H:41])([H:11])[H:21].[F-:2]>>[Cl-:1].[F:2][C:5]([C:4]([H:3])([C:31]#[N:32])[H:41])([H:11])[H:21],8.257811895312885
[F-:2].[F:1][C@:5]([C@:4]([H:3])([C:31]#[N:32])[C:41]([H:42])([H:43])[H:44])([N+:11]([O-:12])[O:13])[H:21]>>[F-:1].[F:2][C@@:5]([C@:4]([H:3])([C:31]#[N:32])[C:41]([H:42])([H:43])[H:44])([N+:11]([O-:12])[O:13])[H:21],12.340192690593604
[Cl:1][C@:5]([C@:4]([H:3])([C:31]#[N:32])[N+:41]([O-:42])[O:43])([C:11]#[N:12])[N:21]([H:22])[H:23].[F-:2]>>[Cl-:1].[F:2][C@@:5]([C@:4]([H:3])([C:31]#[N:32])[N+:41]([O-:42])[O:43])([C:11]#[N:12])[N:21]([H:22])[H:23],22.22052583650066
[Br:1][C@:5]([C:4]([H:3])([H:31])[C:41]#[N:42])([C:11]#[N:12])[N:21]([H:22])[H:23].[H-:2]>>[Br-:1].[H:2][C@@:5]([C:4]([H:3])([H:31])[C:41]#[N:42])([C:11]#[N:12])[N:21]([H:22])[H:23],8.569919541890599
[F:1][C@:5]([C:4]([H:3])([H:31])[N:41]([H:42])[H:43])([N+:11]([O-:12])[O:13])[C:21]#[N:22].[H-:2]>>[F-:1].[H:2][C@@:5]([C:4]([H:3])([H:31])[N:41]([H:42])[H:43])([N+:11]([O-:12])[O:13])[C:21]#[N:22],10.184903122882211
[Cl-:2].[Cl:1][C:5]([C:4]([H:3])([N+:31]([O-:32])[O:33])[N+:41]([O-:42])[O:43])([H:11])[H:21]>>[Cl-:1].[Cl:2][C:5]([C:4]([H:3])([N+:31]([O-:32])[O:33])[N+:41]([O-:42])[O:43])([H:11])[H:21],26.981589535037408
[F:1][C@:5]([C@:4]([H:3])([C:31]([H:32])([H:33])[H:34])[C:41]#[N:42])([N:11]([H:12])[H:13])[H:21].[H-:2]>>[F-:1].[H:2][C:5]([C@:4]([H:3])([C:31]([H:32])([H:33])[H:34])[C:41]#[N:42])([N:11]([H:12])[H:13])[H:21],25.73098135608977
[Br:1][C@:5]([C:4]([H:3])([H:31])[C:41]([H:42])([H:43])[H:44])([N:11]([H:12])[H:13])[C:21]#[N:22].[F-:2]>>[Br-:1].[F:2][C@@:5]([C:4]([H:3])([H:31])[C:41]([H:42])([H:43])[H:44])([N:11]([H:12])[H:13])[C:21]#[N:22],17.800044874033254
[Br-:2].[Br:1][C@:5]([C:4]([H:3])([C:31]#[N:32])[H:41])([H:11])[N+:21]([O-:22])[O:23]>>[Br-:1].[Br:2][C@@:5]([C:4]([H:3])([C:31]#[N:32])[H:41])([H:11])[N+:21]([O-:22])[O:23],25.84771129125005
[F-:2].[F:1][C@:5]([C:4]([H:3])([C:31]([H:32])([H:33])[H:34])[C:41]([H:42])([H:43])[H:44])([H:11])[N+:21]([O-:22])[O:23]>>[F-:1].[F:2][C@@:5]([C:4]([H:3])([C:31]([H:32])([H:33])[H:34])[C:41]([H:42])([H:43])[H:44])([H:11])[N+:21]([O-:22])[O:23],12.389173776561911
[Br:1][C:5]([C:4]([H:3])([H:31])[C:41]#[N:42])([C:11]([H:12])([H:13])[H:14])[C:21]([H:22])([H:23])[H:24].[F-:2]>>[Br-:1].[F:2][C:5]([C:4]([H:3])([H:31])[C:41]#[N:42])([C:11]([H:12])([H:13])[H:14])[C:21]([H:22])([H:23])[H:24],20.948042362690742
[F-:2].[F:1][C:5]([C:4]([H:3])([C:31]([H:32])([H:33])[H:34])[H:41])([H:11])[H:21]>>[F-:1].[F:2][C:5]([C:4]([H:3])([C:31]([H:32])([H:33])[H:34])[H:41])([H:11])[H:21],19.75910811929391
[Br:1][C@:5]([C@:4]([H:3])([C:31]([H:32])([H:33])[H:34])[N+:41]([O-:42])[O:43])([H:11])[N:21]([H:22])[H:23].[H-:2]>>[Br-:1].[H:2][C:5]([C@:4]([H:3])([C:31]([H:32])([H:33])[H:34])[N+:41]([O-:42])[O:43])([H:11])[N:21]([H:22])[H:23],13.208880947319694
[F-:2].[F:1][C@:5]([C:4]([H:3])([C:31]([H:32])([H:33])[H:34])[C:41]([H:42])([H:43])[H:44])([C:11]#[N:12])[C:21]([H:22])([H:23])[H:24]>>[F-:1].[F:2][C@@:5]([C:4]([H:3])([C:31]([H:32])([H:33])[H:34])[C:41]([H:42])([H:43])[H:44])([C:11]#[N:12])[C:21]([H:22])([H:23])[H:24],21.36113560025852
[F:1][C@:5]([C@:4]([H:3])([N+:31]([O-:32])[O:33])[N:41]([H:42])[H:43])([H:11])[C:21]#[N:22].[H-:2]>>[F-:1].[H:2][C:5]([C@:4]([H:3])([N+:31]([O-:32])[O:33])[N:41]([H:42])[H:43])([H:11])[C:21]#[N:22],13.610832075290046
[F-:2].[F:1][C:5]([C@:4]([H:3])([C:31]#[N:32])[N:41]([H:42])[H:43])([C:11]([H:12])([H:13])[H:14])[C:21]([H:22])([H:23])[H:24]>>[F-:1].[F:2][C:5]([C@:4]([H:3])([C:31]#[N:32])[N:41]([H:42])[H:43])([C:11]([H:12])([H:13])[H:14])[C:21]([H:22])([H:23])[H:24],36.44402063216355
[F:1][C@:5]([C:4]([H:3])([N+:31]([O-:32])[O:33])[H:41])([C:11]#[N:12])[N:21]([H:22])[H:23].[H-:2]>>[F-:1].[H:2][C@@:5]([C:4]([H:3])([N+:31]([O-:32])[O:33])[H:41])([C:11]#[N:12])[N:21]([H:22])[H:23],15.698568655951972
[Br:1][C@:5]([C:4]([H:3])([H:31])[H:41])([C:11]#[N:12])[N+:21]([O-:22])[O:23].[Cl-:2]>>[Br-:1].[Cl:2][C@@:5]([C:4]([H:3])([H:31])[H:41])([C:11]#[N:12])[N+:21]([O-:22])[O:23],13.733119416314944
[Cl-:2].[F:1][C@:5]([C@:4]([H:3])([C:31]#[N:32])[C:41]([H:42])([H:43])[H:44])([N+:11]([O-:12])[O:13])[C:21]([H:22])([H:23])[H:24]>>[Cl:2][C@@:5]([C@:4]([H:3])([C:31]#[N:32])[C:41]([H:42])([H:43])[H:44])([N+:11]([O-:12])[O:13])[C:21]([H:22])([H:23])[H:24].[F-:1],42.96195404899613
[Br-:2].[F:1][C@:5]([C:4]([H:3])([N:31]([H:32])[H:33])[N:41]([H:42])[H:43])([C:11]([H:12])([H:13])[H:14])[C:21]#[N:22]>>[Br:2][C@@:5]([C:4]([H:3])([N:31]([H:32])[H:33])[N:41]([H:42])[H:43])([C:11]([H:12])([H:13])[H:14])[C:21]#[N:22].[F-:1],50.75472963928826
[Cl:1][C@:5]([C:4]([H:3])([H:31])[C:41]#[N:42])([C:11]#[N:12])[H:21].[F-:2]>>[Cl-:1].[F:2][C@@:5]([C:4]([H:3])([H:31])[C:41]#[N:42])([C:11]#[N:12])[H:21],9.72485091810221
[Br:1][C@:5]([C@:4]([H:3])([N:31]([H:32])[H:33])[C:41]([H:42])([H:43])[H:44])([H:11])[N+:21]([O-:22])[O:23].[Cl-:2]>>[Br-:1].[Cl:2][C@@:5]([C@:4]([H:3])([N:31]([H:32])[H:33])[C:41]([H:42])([H:43])[H:44])([H:11])[N+:21]([O-:22])[O:23],19.200773103713697
[Br:1][C@:5]([C:4]([H:3])([N:31]([H:32])[H:33])[N:41]([H:42])[H:43])([C:11]#[N:12])[N:21]([H:22])[H:23].[F-:2]>>[Br-:1].[F:2][C@@:5]([C:4]([H:3])([N:31]([H:32])[H:33])[N:41]([H:42])[H:43])([C:11]#[N:12])[N:21]([H:22])[H:23],24.66649238194394
[F-:2].[F:1][C@:5]([C@:4]([H:3])([N+:31]([O-:32])[O:33])[C:41]([H:42])([H:43])[H:44])([N+:11]([O-:12])[O:13])[N:21]([H:22])[H:23]>>[F-:1].[F:2][C@@:5]([C@:4]([H:3])([N+:31]([O-:32])[O:33])[C:41]([H:42])([H:43])[H:44])([N+:11]([O-:12])[O:13])[N:21]([H:22])[H:23],29.597237641693216
[Cl-:2].[F:1][C:5]([C@:4]([H:3])([N+:31]([O-:32])[O:33])[N:41]([H:42])[H:43])([H:11])[H:21]>>[Cl:2][C:5]([C@:4]([H:3])([N+:31]([O-:32])[O:33])[N:41]([H:42])[H:43])([H:11])[H:21].[F-:1],41.050881341378215
[Cl:1][C@:5]([C:4]([H:3])([H:31])[H:41])([N+:11]([O-:12])[O:13])[C:21]#[N:22].[F-:2]>>[Cl-:1].[F:2][C@@:5]([C:4]([H:3])([H:31])[H:41])([N+:11]([O-:12])[O:13])[C:21]#[N:22],1.788065134418524
[Br:1][C:5]([C:4]([H:3])([H:31])[N:41]([H:42])[H:43])([C:11]#[N:12])[C:21]#[N:22].[Cl-:2]>>[Br-:1].[Cl:2][C:5]([C:4]([H:3])([H:31])[N:41]([H:42])[H:43])([C:11]#[N:12])[C:21]#[N:22],20.803725330479445
[Br-:2].[F:1][C@:5]([C@:4]([H:3])([C:31]#[N:32])[N:41]([H:42])[H:43])([C:11]([H:12])([H:13])[H:14])[H:21]>>[Br:2][C@@:5]([C@:4]([H:3])([C:31]#[N:32])[N:41]([H:42])[H:43])([C:11]([H:12])([H:13])[H:14])[H:21].[F-:1],47.00170091024096
[Br:1][C@:5]([C:4]([H:3])([C:31]#[N:32])[C:41]#[N:42])([H:11])[C:21]([H:22])([H:23])[H:24].[H-:2]>>[Br-:1].[H:2][C:5]([C:4]([H:3])([C:31]#[N:32])[C:41]#[N:42])([H:11])[C:21]([H:22])([H:23])[H:24],0.0180159348863857
[Cl:1][C@:5]([C@:4]([H:3])([C:31]([H:32])([H:33])[H:34])[C:41]#[N:42])([H:11])[N:21]([H:22])[H:23].[F-:2]>>[Cl-:1].[F:2][C@@:5]([C@:4]([H:3])([C:31]([H:32])([H:33])[H:34])[C:41]#[N:42])([H:11])[N:21]([H:22])[H:23],25.4785451202094
[Br-:2].[Cl:1][C@:5]([C@:4]([H:3])([N:31]([H:32])[H:33])[C:41]#[N:42])([H:11])[N+:21]([O-:22])[O:23]>>[Br:2][C@@:5]([C@:4]([H:3])([N:31]([H:32])[H:33])[C:41]#[N:42])([H:11])[N+:21]([O-:22])[O:23].[Cl-:1],22.58545684794023
[Br-:2].[Br:1][C@:5]([C:4]([H:3])([N:31]([H:32])[H:33])[H:41])([N+:11]([O-:12])[O:13])[H:21]>>[Br-:1].[Br:2][C@@:5]([C:4]([H:3])([N:31]([H:32])[H:33])[H:41])([N+:11]([O-:12])[O:13])[H:21],27.11672607605491
[Br:1][C@:5]([C@:4]([H:3])([C:31]#[N:32])[C:41]([H:42])([H:43])[H:44])([C:11]#[N:12])[N:21]([H:22])[H:23].[H-:2]>>[Br-:1].[H:2][C@@:5]([C@:4]([H:3])([C:31]#[N:32])[C:41]([H:42])([H:43])[H:44])([C:11]#[N:12])[N:21]([H:22])[H:23],4.358963869793399
[Cl-:2].[Cl:1][C@:5]([C@:4]([H:3])([N:31]([H:32])[H:33])[C:41]#[N:42])([C:11]#[N:12])[C:21]([H:22])([H:23])[H:24]>>[Cl-:1].[Cl:2][C@@:5]([C@:4]([H:3])([N:31]([H:32])[H:33])[C:41]#[N:42])([C:11]#[N:12])[C:21]([H:22])([H:23])[H:24],35.03983542542326
[Br-:2].[F:1][C@:5]([C:4]([H:3])([C:31]([H:32])([H:33])[H:34])[C:41]([H:42])([H:43])[H:44])([N:11]([H:12])[H:13])[C:21]#[N:22]>>[Br:2][C@@:5]([C:4]([H:3])([C:31]([H:32])([H:33])[H:34])[C:41]([H:42])([H:43])[H:44])([N:11]([H:12])[H:13])[C:21]#[N:22].[F-:1],51.82248066758265
[F:1][C@:5]([C:4]([H:3])([H:31])[C:41]([H:42])([H:43])[H:44])([N+:11]([O-:12])[O:13])[C:21]([H:22])([H:23])[H:24].[H-:2]>>[F-:1].[H:2][C@@:5]([C:4]([H:3])([H:31])[C:41]([H:42])([H:43])[H:44])([N+:11]([O-:12])[O:13])[C:21]([H:22])([H:23])[H:24],9.120406779127883
[Cl:1][C@:5]([C:4]([H:3])([N+:31]([O-:32])[O:33])[H:41])([C:11]#[N:12])[H:21].[H-:2]>>[Cl-:1].[H:2][C:5]([C:4]([H:3])([N+:31]([O-:32])[O:33])[H:41])([C:11]#[N:12])[H:21],2.058057815432356
[Cl:1][C@:5]([C:4]([H:3])([H:31])[C:41]#[N:42])([C:11]#[N:12])[C:21]([H:22])([H:23])[H:24].[F-:2]>>[Cl-:1].[F:2][C@@:5]([C:4]([H:3])([H:31])[C:41]#[N:42])([C:11]#[N:12])[C:21]([H:22])([H:23])[H:24],17.577787898720658
[Cl:1][C:5]([C@:4]([H:3])([N+:31]([O-:32])[O:33])[C:41]#[N:42])([N:11]([H:12])[H:13])[N:21]([H:22])[H:23].[H-:2]>>[Cl-:1].[H:2][C:5]([C@:4]([H:3])([N+:31]([O-:32])[O:33])[C:41]#[N:42])([N:11]([H:12])[H:13])[N:21]([H:22])[H:23],31.21507026998968
[Br:1][C@:5]([C:4]([H:3])([C:31]#[N:32])[H:41])([N:11]([H:12])[H:13])[C:21]#[N:22].[Cl-:2]>>[Br-:1].[Cl:2][C@@:5]([C:4]([H:3])([C:31]#[N:32])[H:41])([N:11]([H:12])[H:13])[C:21]#[N:22],29.252390332524097
[Br:1][C@:5]([C:4]([H:3])([N:31]([H:32])[H:33])[H:41])([C:11]#[N:12])[C:21]([H:22])([H:23])[H:24].[Cl-:2]>>[Br-:1].[Cl:2][C@@:5]([C:4]([H:3])([N:31]([H:32])[H:33])[H:41])([C:11]#[N:12])[C:21]([H:22])([H:23])[H:24],25.272556287137828
[Cl:1][C@:5]([C@:4]([H:3])([N:31]([H:32])[H:33])[C:41]([H:42])([H:43])[H:44])([H:11])[N:21]([H:22])[H:23].[F-:2]>>[Cl-:1].[F:2][C@@:5]([C@:4]([H:3])([N:31]([H:32])[H:33])[C:41]([H:42])([H:43])[H:44])([H:11])[N:21]([H:22])[H:23],23.741935081661577
[Cl-:2].[Cl:1][C@:5]([C@:4]([H:3])([N:31]([H:32])[H:33])[C:41]#[N:42])([H:11])[C:21]#[N:22]>>[Cl-:1].[Cl:2][C@@:5]([C@:4]([H:3])([N:31]([H:32])[H:33])[C:41]#[N:42])([H:11])[C:21]#[N:22],30.242650102235388
[Cl:1][C@:5]([C@:4]([H:3])([N:31]([H:32])[H:33])[N+:41]([O-:42])[O:43])([C:11]([H:12])([H:13])[H:14])[H:21].[F-:2]>>[Cl-:1].[F:2][C@@:5]([C@:4]([H:3])([N:31]([H:32])[H:33])[N+:41]([O-:42])[O:43])([C:11]([H:12])([H:13])[H:14])[H:21],25.38516851627258
[F:1][C@:5]([C@:4]([H:3])([C:31]([H:32])([H:33])[H:34])[C:41]#[N:42])([N+:11]([O-:12])[O:13])[N:21]([H:22])[H:23].[H-:2]>>[F-:1].[H:2][C@@:5]([C@:4]([H:3])([C:31]([H:32])([H:33])[H:34])[C:41]#[N:42])([N+:11]([O-:12])[O:13])[N:21]([H:22])[H:23],21.298017264226203
[Cl-:2].[F:1][C@:5]([C:4]([H:3])([N:31]([H:32])[H:33])[N:41]([H:42])[H:43])([C:11]#[N:12])[H:21]>>[Cl:2][C@@:5]([C:4]([H:3])([N:31]([H:32])[H:33])[N:41]([H:42])[H:43])([C:11]#[N:12])[H:21].[F-:1],47.90873781625541
[Cl-:2].[F:1][C@:5]([C:4]([H:3])([N+:31]([O-:32])[O:33])[N+:41]([O-:42])[O:43])([C:11]([H:12])([H:13])[H:14])[N:21]([H:22])[H:23]>>[Cl:2][C@@:5]([C:4]([H:3])([N+:31]([O-:32])[O:33])[N+:41]([O-:42])[O:43])([C:11]([H:12])([H:13])[H:14])[N:21]([H:22])[H:23].[F-:1],62.23649710256461
[F:1][C:5]([C:4]([H:3])([C:31]#[N:32])[H:41])([C:11]#[N:12])[C:21]#[N:22].[H-:2]>>[F-:1].[H:2][C:5]([C:4]([H:3])([C:31]#[N:32])[H:41])([C:11]#[N:12])[C:21]#[N:22],0.2943927367266874
[Br:1][C@:5]([C:4]([H:3])([N:31]([H:32])[H:33])[N:41]([H:42])[H:43])([H:11])[C:21]#[N:22].[Cl-:2]>>[Br-:1].[Cl:2][C@@:5]([C:4]([H:3])([N:31]([H:32])[H:33])[N:41]([H:42])[H:43])([H:11])[C:21]#[N:22],24.79017214893007
[Cl:1][C@:5]([C:4]([H:3])([C:31]#[N:32])[C:41]#[N:42])([C:11]([H:12])([H:13])[H:14])[H:21].[F-:2]>>[Cl-:1].[F:2][C@@:5]([C:4]([H:3])([C:31]#[N:32])[C:41]#[N:42])([C:11]([H:12])([H:13])[H:14])[H:21],7.152065695215688
[Br-:2].[Cl:1][C@:5]([C@:4]([H:3])([N:31]([H:32])[H:33])[C:41]#[N:42])([C:11]#[N:12])[H:21]>>[Br:2][C@@:5]([C@:4]([H:3])([N:31]([H:32])[H:33])[C:41]#[N:42])([C:11]#[N:12])[H:21].[Cl-:1],34.85008252029777
[Br-:2].[Br:1][C@:5]([C:4]([H:3])([N:31]([H:32])[H:33])[H:41])([C:11]([H:12])([H:13])[H:14])[H:21]>>[Br-:1].[Br:2][C@@:5]([C:4]([H:3])([N:31]([H:32])[H:33])[H:41])([C:11]([H:12])([H:13])[H:14])[H:21],27.82358080619113
[Cl:1][C@:5]([C:4]([H:3])([N:31]([H:32])[H:33])[N:41]([H:42])[H:43])([H:11])[C:21]([H:22])([H:23])[H:24].[H-:2]>>[Cl-:1].[H:2][C:5]([C:4]([H:3])([N:31]([H:32])[H:33])[N:41]([H:42])[H:43])([H:11])[C:21]([H:22])([H:23])[H:24],15.095975922191307
[Br-:2].[Cl:1][C@:5]([C:4]([H:3])([C:31]([H:32])([H:33])[H:34])[H:41])([C:11]([H:12])([H:13])[H:14])[C:21]#[N:22]>>[Br:2][C@@:5]([C:4]([H:3])([C:31]([H:32])([H:33])[H:34])[H:41])([C:11]([H:12])([H:13])[H:14])[C:21]#[N:22].[Cl-:1],30.464406958534703
[Cl:1][C@:5]([C:4]([H:3])([N+:31]([O-:32])[O:33])[N+:41]([O-:42])[O:43])([N:11]([H:12])[H:13])[H:21].[F-:2]>>[Cl-:1].[F:2][C@@:5]([C:4]([H:3])([N+:31]([O-:32])[O:33])[N+:41]([O-:42])[O:43])([N:11]([H:12])[H:13])[H:21],22.91817513166165
[Cl:1][C@:5]([C@:4]([H:3])([N:31]([H:32])[H:33])[C:41]#[N:42])([H:11])[C:21]([H:22])([H:23])[H:24].[H-:2]>>[Cl-:1].[H:2][C:5]([C@:4]([H:3])([N:31]([H:32])[H:33])[C:41]#[N:42])([H:11])[C:21]([H:22])([H:23])[H:24],13.504694774794546
[Br-:2].[Cl:1][C@:5]([C@:4]([H:3])([C:31]#[N:32])[N+:41]([O-:42])[O:43])([C:11]#[N:12])[H:21]>>[Br:2][C@@:5]([C@:4]([H:3])([C:31]#[N:32])[N+:41]([O-:42])[O:43])([C:11]#[N:12])[H:21].[Cl-:1],29.12984558554513
[Br:1][C@:5]([C:4]([H:3])([N:31]([H:32])[H:33])[N:41]([H:42])[H:43])([N+:11]([O-:12])[O:13])[N:21]([H:22])[H:23].[F-:2]>>[Br-:1].[F:2][C@@:5]([C:4]([H:3])([N:31]([H:32])[H:33])[N:41]([H:42])[H:43])([N+:11]([O-:12])[O:13])[N:21]([H:22])[H:23],24.42922380249407
[Cl:1][C@:5]([C@:4]([H:3])([C:31]#[N:32])[C:41]([H:42])([H:43])[H:44])([N+:11]([O-:12])[O:13])[C:21]([H:22])([H:23])[H:24].[H-:2]>>[Cl-:1].[H:2][C@@:5]([C@:4]([H:3])([C:31]#[N:32])[C:41]([H:42])([H:43])[H:44])([N+:11]([O-:12])[O:13])[C:21]([H:22])([H:23])[H:24],2.8184703637022714
[Br:1][C:5]([C:4]([H:3])([N:31]([H:32])[H:33])[H:41])([H:11])[H:21].[H-:2]>>[Br-:1].[H:2][C:5]([C:4]([H:3])([N:31]([H:32])[H:33])[H:41])([H:11])[H:21],4.659978388923165
[Cl:1][C@:5]([C@:4]([H:3])([C:31]#[N:32])[N:41]([H:42])[H:43])([H:11])[N+:21]([O-:22])[O:23].[F-:2]>>[Cl-:1].[F:2][C@@:5]([C@:4]([H:3])([C:31]#[N:32])[N:41]([H:42])[H:43])([H:11])[N+:21]([O-:22])[O:23],17.396524765105802
[Cl:1][C@:5]([C@:4]([H:3])([N:31]([H:32])[H:33])[N+:41]([O-:42])[O:43])([N+:11]([O-:12])[O:13])[H:21].[F-:2]>>[Cl-:1].[F:2][C@@:5]([C@:4]([H:3])([N:31]([H:32])[H:33])[N+:41]([O-:42])[O:43])([N+:11]([O-:12])[O:13])[H:21],21.662639888197862
[Br-:2].[F:1][C@:5]([C@:4]([H:3])([C:31]([H:32])([H:33])[H:34])[C:41]#[N:42])([H:11])[C:21]([H:22])([H:23])[H:24]>>[Br:2][C@@:5]([C@:4]([H:3])([C:31]([H:32])([H:33])[H:34])[C:41]#[N:42])([H:11])[C:21]([H:22])([H:23])[H:24].[F-:1],51.30479705947064
[Cl-:2].[Cl:1][C@:5]([C@:4]([H:3])([C:31]#[N:32])[C:41]([H:42])([H:43])[H:44])([N+:11]([O-:12])[O:13])[C:21]#[N:22]>>[Cl-:1].[Cl:2][C@@:5]([C@:4]([H:3])([C:31]#[N:32])[C:41]([H:42])([H:43])[H:44])([N+:11]([O-:12])[O:13])[C:21]#[N:22],22.75035221641649
[Cl:1][C@:5]([C@:4]([H:3])([C:31]#[N:32])[C:41]([H:42])([H:43])[H:44])([C:11]#[N:12])[N:21]([H:22])[H:23].[F-:2]>>[Cl-:1].[F:2][C@@:5]([C@:4]([H:3])([C:31]#[N:32])[C:41]([H:42])([H:43])[H:44])([C:11]#[N:12])[N:21]([H:22])[H:23],18.494790841215
[Br-:2].[Br:1][C@:5]([C:4]([H:3])([H:31])[C:41]([H:42])([H:43])[H:44])([C:11]([H:12])([H:13])[H:14])[H:21]>>[Br-:1].[Br:2][C@@:5]([C:4]([H:3])([H:31])[C:41]([H:42])([H:43])[H:44])([C:11]([H:12])([H:13])[H:14])[H:21],26.08187404604561
[Cl-:2].[Cl:1][C@:5]([C@:4]([H:3])([C:31]([H:32])([H:33])[H:34])[N+:41]([O-:42])[O:43])([C:11]([H:12])([H:13])[H:14])[C:21]#[N:22]>>[Cl-:1].[Cl:2][C@@:5]([C@:4]([H:3])([C:31]([H:32])([H:33])[H:34])[N+:41]([O-:42])[O:43])([C:11]([H:12])([H:13])[H:14])[C:21]#[N:22],30.185465668565868
[Cl-:2].[F:1][C@:5]([C:4]([H:3])([C:31]([H:32])([H:33])[H:34])[H:41])([C:11]([H:12])([H:13])[H:14])[H:21]>>[Cl:2][C@@:5]([C:4]([H:3])([C:31]([H:32])([H:33])[H:34])[H:41])([C:11]([H:12])([H:13])[H:14])[H:21].[F-:1],44.688109649592114
[Cl:1][C@:5]([C:4]([H:3])([H:31])[N:41]([H:42])[H:43])([C:11]#[N:12])[N:21]([H:22])[H:23].[H-:2]>>[Cl-:1].[H:2][C@@:5]([C:4]([H:3])([H:31])[N:41]([H:42])[H:43])([C:11]#[N:12])[N:21]([H:22])[H:23],15.862566448123848
[Br-:2].[Cl:1][C@:5]([C:4]([H:3])([C:31]#[N:32])[H:41])([N:11]([H:12])[H:13])[C:21]#[N:22]>>[Br:2][C@@:5]([C:4]([H:3])([C:31]#[N:32])[H:41])([N:11]([H:12])[H:13])[C:21]#[N:22].[Cl-:1],34.936735333431265
[Cl-:2].[F:1][C@:5]([C:4]([H:3])([H:31])[N:41]([H:42])[H:43])([N+:11]([O-:12])[O:13])[N:21]([H:22])[H:23]>>[Cl:2][C@@:5]([C:4]([H:3])([H:31])[N:41]([H:42])[H:43])([N+:11]([O-:12])[O:13])[N:21]([H:22])[H:23].[F-:1],60.85516547175487
[F:1][C@:5]([C:4]([H:3])([C:31]([H:32])([H:33])[H:34])[C:41]([H:42])([H:43])[H:44])([N+:11]([O-:12])[O:13])[H:21].[H-:2]>>[F-:1].[H:2][C:5]([C:4]([H:3])([C:31]([H:32])([H:33])[H:34])[C:41]([H:42])([H:43])[H:44])([N+:11]([O-:12])[O:13])[H:21],4.248947546500603
[F:1][C@:5]([C:4]([H:3])([H:31])[C:41]#[N:42])([N+:11]([O-:12])[O:13])[N:21]([H:22])[H:23].[H-:2]>>[F-:1].[H:2][C@@:5]([C:4]([H:3])([H:31])[C:41]#[N:42])([N+:11]([O-:12])[O:13])[N:21]([H:22])[H:23],20.274549598983665
[Br-:2].[Cl:1][C@:5]([C@:4]([H:3])([C:31]#[N:32])[N:41]([H:42])[H:43])([C:11]([H:12])([H:13])[H:14])[H:21]>>[Br:2][C@@:5]([C@:4]([H:3])([C:31]#[N:32])[N:41]([H:42])[H:43])([C:11]([H:12])([H:13])[H:14])[H:21].[Cl-:1],33.64869513975497
[Br:1][C@:5]([C:4]([H:3])([N+:31]([O-:32])[O:33])[N+:41]([O-:42])[O:43])([C:11]#[N:12])[H:21].[Cl-:2]>>[Br-:1].[Cl:2][C@@:5]([C:4]([H:3])([N+:31]([O-:32])[O:33])[N+:41]([O-:42])[O:43])([C:11]#[N:12])[H:21],24.80065257134388
[Cl-:2].[F:1][C@:5]([C@:4]([H:3])([N:31]([H:32])[H:33])[C:41]#[N:42])([H:11])[N:21]([H:22])[H:23]>>[Cl:2][C@@:5]([C@:4]([H:3])([N:31]([H:32])[H:33])[C:41]#[N:42])([H:11])[N:21]([H:22])[H:23].[F-:1],45.98721665719988
[F-:2].[F:1][C@:5]([C@:4]([H:3])([C:31]#[N:32])[N+:41]([O-:42])[O:43])([C:11]#[N:12])[H:21]>>[F-:1].[F:2][C@@:5]([C@:4]([H:3])([C:31]#[N:32])[N+:41]([O-:42])[O:43])([C:11]#[N:12])[H:21],17.615912210803607
[Cl:1][C@:5]([C@:4]([H:3])([C:31]([H:32])([H:33])[H:34])[N:41]([H:42])[H:43])([N:11]([H:12])[H:13])[C:21]#[N:22].[H-:2]>>[Cl-:1].[H:2][C@@:5]([C@:4]([H:3])([C:31]([H:32])([H:33])[H:34])[N:41]([H:42])[H:43])([N:11]([H:12])[H:13])[C:21]#[N:22],13.281826090671716
[Br:1][C@:5]([C@:4]([H:3])([C:31]([H:32])([H:33])[H:34])[N+:41]([O-:42])[O:43])([H:11])[C:21]([H:22])([H:23])[H:24].[Cl-:2]>>[Br-:1].[Cl:2][C@@:5]([C@:4]([H:3])([C:31]([H:32])([H:33])[H:34])[N+:41]([O-:42])[O:43])([H:11])[C:21]([H:22])([H:23])[H:24],25.6620332876614
[Cl:1][C:5]([C:4]([H:3])([H:31])[H:41])([C:11]([H:12])([H:13])[H:14])[N+:21]([O-:22])[O:23].[F-:2]>>[Cl-:1].[F:2][C:5]([C:4]([H:3])([H:31])[H:41])([C:11]([H:12])([H:13])[H:14])[N+:21]([O-:22])[O:23],9.11322192982528
[Br:1][C@:5]([C:4]([H:3])([H:31])[C:41]#[N:42])([H:11])[N:21]([H:22])[H:23].[H-:2]>>[Br-:1].[H:2][C:5]([C:4]([H:3])([H:31])[C:41]#[N:42])([H:11])[N:21]([H:22])[H:23],11.971265750222049
[Cl:1][C@:5]([C:4]([H:3])([H:31])[C:41]#[N:42])([N+:11]([O-:12])[O:13])[C:21]([H:22])([H:23])[H:24].[H-:2]>>[Cl-:1].[H:2][C@@:5]([C:4]([H:3])([H:31])[C:41]#[N:42])([N+:11]([O-:12])[O:13])[C:21]([H:22])([H:23])[H:24],5.966461001851799
[Br-:2].[F:1][C:5]([C:4]([H:3])([H:31])[N:41]([H:42])[H:43])([C:11]([H:12])([H:13])[H:14])[C:21]([H:22])([H:23])[H:24]>>[Br:2][C:5]([C:4]([H:3])([H:31])[N:41]([H:42])[H:43])([C:11]([H:12])([H:13])[H:14])[C:21]([H:22])([H:23])[H:24].[F-:1],54.92647750536658
[Br-:2].[F:1][C:5]([C@:4]([H:3])([C:31]#[N:32])[N+:41]([O-:42])[O:43])([C:11]([H:12])([H:13])[H:14])[C:21]([H:22])([H:23])[H:24]>>[Br:2][C:5]([C@:4]([H:3])([C:31]#[N:32])[N+:41]([O-:42])[O:43])([C:11]([H:12])([H:13])[H:14])[C:21]([H:22])([H:23])[H:24].[F-:1],54.128332363453616
[Br-:2].[F:1][C@:5]([C@:4]([H:3])([C:31]([H:32])([H:33])[H:34])[N+:41]([O-:42])[O:43])([H:11])[N:21]([H:22])[H:23]>>[Br:2][C@@:5]([C@:4]([H:3])([C:31]([H:32])([H:33])[H:34])[N+:41]([O-:42])[O:43])([H:11])[N:21]([H:22])[H:23].[F-:1],54.91231075020321
[Br:1][C@:5]([C:4]([H:3])([C:31]#[N:32])[H:41])([N+:11]([O-:12])[O:13])[N:21]([H:22])[H:23].[H-:2]>>[Br-:1].[H:2][C@@:5]([C:4]([H:3])([C:31]#[N:32])[H:41])([N+:11]([O-:12])[O:13])[N:21]([H:22])[H:23],2.1664710623781818
[Cl-:2].[F:1][C@:5]([C:4]([H:3])([H:31])[C:41]#[N:42])([N:11]([H:12])[H:13])[C:21]([H:22])([H:23])[H:24]>>[Cl:2][C@@:5]([C:4]([H:3])([H:31])[C:41]#[N:42])([N:11]([H:12])[H:13])[C:21]([H:22])([H:23])[H:24].[F-:1],46.48207699961781
[Br:1][C@:5]([C@:4]([H:3])([C:31]([H:32])([H:33])[H:34])[C:41]#[N:42])([C:11]#[N:12])[N:21]([H:22])[H:23].[Cl-:2]>>[Br-:1].[Cl:2][C@@:5]([C@:4]([H:3])([C:31]([H:32])([H:33])[H:34])[C:41]#[N:42])([C:11]#[N:12])[N:21]([H:22])[H:23],34.97402811759047
[F:1][C@:5]([C@:4]([H:3])([N+:31]([O-:32])[O:33])[C:41]([H:42])([H:43])[H:44])([C:11]#[N:12])[H:21].[H-:2]>>[F-:1].[H:2][C:5]([C@:4]([H:3])([N+:31]([O-:32])[O:33])[C:41]([H:42])([H:43])[H:44])([C:11]#[N:12])[H:21],7.169336151388711
[Cl:1][C@:5]([C:4]([H:3])([N+:31]([O-:32])[O:33])[H:41])([C:11]([H:12])([H:13])[H:14])[H:21].[F-:2]>>[Cl-:1].[F:2][C@@:5]([C:4]([H:3])([N+:31]([O-:32])[O:33])[H:41])([C:11]([H:12])([H:13])[H:14])[H:21],18.322631938367643
[F-:2].[F:1][C:5]([C:4]([H:3])([H:31])[N:41]([H:42])[H:43])([C:11]#[N:12])[C:21]#[N:22]>>[F-:1].[F:2][C:5]([C:4]([H:3])([H:31])[N:41]([H:42])[H:43])([C:11]#[N:12])[C:21]#[N:22],19.19702967910775
[Cl:1][C@:5]([C:4]([H:3])([H:31])[C:41]#[N:42])([N+:11]([O-:12])[O:13])[N:21]([H:22])[H:23].[F-:2]>>[Cl-:1].[F:2][C@@:5]([C:4]([H:3])([H:31])[C:41]#[N:42])([N+:11]([O-:12])[O:13])[N:21]([H:22])[H:23],24.045570662729787
[Cl:1][C:5]([C@:4]([H:3])([N+:31]([O-:32])[O:33])[C:41]#[N:42])([C:11]([H:12])([H:13])[H:14])[C:21]([H:22])([H:23])[H:24].[H-:2]>>[Cl-:1].[H:2][C:5]([C@:4]([H:3])([N+:31]([O-:32])[O:33])[C:41]#[N:42])([C:11]([H:12])([H:13])[H:14])[C:21]([H:22])([H:23])[H:24],11.61044841102938
[F:1][C@:5]([C@:4]([H:3])([N+:31]([O-:32])[O:33])[C:41]#[N:42])([C:11]([H:12])([H:13])[H:14])[N+:21]([O-:22])[O:23].[H-:2]>>[F-:1].[H:2][C@@:5]([C@:4]([H:3])([N+:31]([O-:32])[O:33])[C:41]#[N:42])([C:11]([H:12])([H:13])[H:14])[N+:21]([O-:22])[O:23],15.122952809475745
[Cl-:2].[Cl:1][C@:5]([C:4]([H:3])([C:31]#[N:32])[H:41])([N+:11]([O-:12])[O:13])[H:21]>>[Cl-:1].[Cl:2][C@@:5]([C:4]([H:3])([C:31]#[N:32])[H:41])([N+:11]([O-:12])[O:13])[H:21],17.779563885397796
[Br:1][C@:5]([C:4]([H:3])([N+:31]([O-:32])[O:33])[H:41])([C:11]([H:12])([H:13])[H:14])[H:21].[F-:2]>>[Br-:1].[F:2][C@@:5]([C:4]([H:3])([N+:31]([O-:32])[O:33])[H:41])([C:11]([H:12])([H:13])[H:14])[H:21],14.060123561366323
[F:1][C@:5]([C@:4]([H:3])([C:31]#[N:32])[N:41]([H:42])[H:43])([C:11]([H:12])([H:13])[H:14])[C:21]#[N:22].[H-:2]>>[F-:1].[H:2][C@@:5]([C@:4]([H:3])([C:31]#[N:32])[N:41]([H:42])[H:43])([C:11]([H:12])([H:13])[H:14])[C:21]#[N:22],18.77901830943865
[Cl:1][C@:5]([C@:4]([H:3])([C:31]#[N:32])[N:41]([H:42])[H:43])([H:11])[C:21]([H:22])([H:23])[H:24].[H-:2]>>[Cl-:1].[H:2][C:5]([C@:4]([H:3])([C:31]#[N:32])[N:41]([H:42])[H:43])([H:11])[C:21]([H:22])([H:23])[H:24],13.10091369466718
[Cl:1][C@:5]([C:4]([H:3])([C:31]([H:32])([H:33])[H:34])[C:41]([H:42])([H:43])[H:44])([C:11]([H:12])([H:13])[H:14])[H:21].[H-:2]>>[Cl-:1].[H:2][C:5]([C:4]([H:3])([C:31]([H:32])([H:33])[H:34])[C:41]([H:42])([H:43])[H:44])([C:11]([H:12])([H:13])[H:14])[H:21],11.572779862042267
[F-:2].[F:1][C@:5]([C:4]([H:3])([N+:31]([O-:32])[O:33])[N+:41]([O-:42])[O:43])([N+:11]([O-:12])[O:13])[H:21]>>[F-:1].[F:2][C@@:5]([C:4]([H:3])([N+:31]([O-:32])[O:33])[N+:41]([O-:42])[O:43])([N+:11]([O-:12])[O:13])[H:21],26.75680418150365
[F:1][C@:5]([C@:4]([H:3])([C:31]#[N:32])[N:41]([H:42])[H:43])([H:11])[N+:21]([O-:22])[O:23].[H-:2]>>[F-:1].[H:2][C:5]([C@:4]([H:3])([C:31]#[N:32])[N:41]([H:42])[H:43])([H:11])[N+:21]([O-:22])[O:23],10.530700132740789
[Br:1][C@:5]([C:4]([H:3])([C:31]([H:32])([H:33])[H:34])[C:41]([H:42])([H:43])[H:44])([H:11])[C:21]([H:22])([H:23])[H:24].[H-:2]>>[Br-:1].[H:2][C:5]([C:4]([H:3])([C:31]([H:32])([H:33])[H:34])[C:41]([H:42])([H:43])[H:44])([H:11])[C:21]([H:22])([H:23])[H:24],7.79306496443434
[Br:1][C@:5]([C:4]([H:3])([C:31]([H:32])([H:33])[H:34])[C:41]([H:42])([H:43])[H:44])([N:11]([H:12])[H:13])[H:21].[F-:2]>>[Br-:1].[F:2][C@@:5]([C:4]([H:3])([C:31]([H:32])([H:33])[H:34])[C:41]([H:42])([H:43])[H:44])([N:11]([H:12])[H:13])[H:21],11.704159290530631
[Cl:1][C:5]([C@:4]([H:3])([C:31]([H:32])([H:33])[H:34])[N+:41]([O-:42])[O:43])([H:11])[H:21].[F-:2]>>[Cl-:1].[F:2][C:5]([C@:4]([H:3])([C:31]([H:32])([H:33])[H:34])[N+:41]([O-:42])[O:43])([H:11])[H:21],9.633796502097812
[Cl-:2].[Cl:1][C:5]([C@:4]([H:3])([C:31]#[N:32])[C:41]([H:42])([H:43])[H:44])([C:11]#[N:12])[C:21]#[N:22]>>[Cl-:1].[Cl:2][C:5]([C@:4]([H:3])([C:31]#[N:32])[C:41]([H:42])([H:43])[H:44])([C:11]#[N:12])[C:21]#[N:22],15.050314150541176
[Br:1][C@:5]([C@:4]([H:3])([C:31]([H:32])([H:33])[H:34])[C:41]#[N:42])([C:11]#[N:12])[H:21].[F-:2]>>[Br-:1].[F:2][C@@:5]([C@:4]([H:3])([C:31]([H:32])([H:33])[H:34])[C:41]#[N:42])([C:11]#[N:12])[H:21],11.48311822036242
[Br:1][C@:5]([C@:4]([H:3])([N:31]([H:32])[H:33])[N+:41]([O-:42])[O:43])([C:11]#[N:12])[H:21].[F-:2]>>[Br-:1].[F:2][C@@:5]([C@:4]([H:3])([N:31]([H:32])[H:33])[N+:41]([O-:42])[O:43])([C:11]#[N:12])[H:21],19.82454237303802
[F:1][C@:5]([C:4]([H:3])([H:31])[C:41]#[N:42])([N+:11]([O-:12])[O:13])[C:21]([H:22])([H:23])[H:24].[H-:2]>>[F-:1].[H:2][C@@:5]([C:4]([H:3])([H:31])[C:41]#[N:42])([N+:11]([O-:12])[O:13])[C:21]([H:22])([H:23])[H:24],12.695984047305934
[Br:1][C@:5]([C:4]([H:3])([H:31])[C:41]#[N:42])([H:11])[C:21]#[N:22].[Cl-:2]>>[Br-:1].[Cl:2][C@@:5]([C:4]([H:3])([H:31])[C:41]#[N:42])([H:11])[C:21]#[N:22],17.71446910910666
[Cl-:2].[Cl:1][C@:5]([C@:4]([H:3])([C:31]([H:32])([H:33])[H:34])[N:41]([H:42])[H:43])([H:11])[C:21]([H:22])([H:23])[H:24]>>[Cl-:1].[Cl:2][C@@:5]([C@:4]([H:3])([C:31]([H:32])([H:33])[H:34])[N:41]([H:42])[H:43])([H:11])[C:21]([H:22])([H:23])[H:24],31.8172106580418
[Cl-:2].[Cl:1][C@:5]([C@:4]([H:3])([C:31]([H:32])([H:33])[H:34])[N+:41]([O-:42])[O:43])([C:11]#[N:12])[H:21]>>[Cl-:1].[Cl:2][C@@:5]([C@:4]([H:3])([C:31]([H:32])([H:33])[H:34])[N+:41]([O-:42])[O:43])([C:11]#[N:12])[H:21],24.229728786533
[F-:2].[F:1][C@:5]([C@:4]([H:3])([N:31]([H:32])[H:33])[C:41]([H:42])([H:43])[H:44])([N:11]([H:12])[H:13])[C:21]([H:22])([H:23])[H:24]>>[F-:1].[F:2][C@@:5]([C@:4]([H:3])([N:31]([H:32])[H:33])[C:41]([H:42])([H:43])[H:44])([N:11]([H:12])[H:13])[C:21]([H:22])([H:23])[H:24],49.565848714368975
[F-:2].[F:1][C@:5]([C@:4]([H:3])([N:31]([H:32])[H:33])[C:41]#[N:42])([C:11]([H:12])([H:13])[H:14])[H:21]>>[F-:1].[F:2][C@@:5]([C@:4]([H:3])([N:31]([H:32])[H:33])[C:41]#[N:42])([C:11]([H:12])([H:13])[H:14])[H:21],33.31391230267694
[F-:2].[F:1][C@:5]([C:4]([H:3])([N:31]([H:32])[H:33])[N:41]([H:42])[H:43])([C:11]#[N:12])[H:21]>>[F-:1].[F:2][C@@:5]([C:4]([H:3])([N:31]([H:32])[H:33])[N:41]([H:42])[H:43])([C:11]#[N:12])[H:21],31.66774725577976
[Cl-:2].[F:1][C@:5]([C@:4]([H:3])([N+:31]([O-:32])[O:33])[C:41]([H:42])([H:43])[H:44])([H:11])[C:21]([H:22])([H:23])[H:24]>>[Cl:2][C@@:5]([C@:4]([H:3])([N+:31]([O-:32])[O:33])[C:41]([H:42])([H:43])[H:44])([H:11])[C:21]([H:22])([H:23])[H:24].[F-:1],41.60888312100012
[F:1][C@:5]([C:4]([H:3])([N:31]([H:32])[H:33])[N:41]([H:42])[H:43])([N:11]([H:12])[H:13])[C:21]([H:22])([H:23])[H:24].[H-:2]>>[F-:1].[H:2][C@@:5]([C:4]([H:3])([N:31]([H:32])[H:33])[N:41]([H:42])[H:43])([N:11]([H:12])[H:13])[C:21]([H:22])([H:23])[H:24],44.26437801234229
[Cl:1][C@:5]([C:4]([H:3])([N:31]([H:32])[H:33])[N:41]([H:42])[H:43])([H:11])[C:21]([H:22])([H:23])[H:24].[F-:2]>>[Cl-:1].[F:2][C@@:5]([C:4]([H:3])([N:31]([H:32])[H:33])[N:41]([H:42])[H:43])([H:11])[C:21]([H:22])([H:23])[H:24],24.43551778969482
[Cl:1][C@:5]([C:4]([H:3])([N+:31]([O-:32])[O:33])[H:41])([H:11])[C:21]#[N:22].[F-:2]>>[Cl-:1].[F:2][C@@:5]([C:4]([H:3])([N+:31]([O-:32])[O:33])[H:41])([H:11])[C:21]#[N:22],12.945547464353494
[Cl-:2].[F:1][C@:5]([C:4]([H:3])([C:31]#[N:32])[H:41])([N:11]([H:12])[H:13])[H:21]>>[Cl:2][C@@:5]([C:4]([H:3])([C:31]#[N:32])[H:41])([N:11]([H:12])[H:13])[H:21].[F-:1],45.00400417657676
[Cl:1][C@:5]([C:4]([H:3])([H:31])[N+:41]([O-:42])[O:43])([C:11]([H:12])([H:13])[H:14])[N:21]([H:22])[H:23].[H-:2]>>[Cl-:1].[H:2][C@@:5]([C:4]([H:3])([H:31])[N+:41]([O-:42])[O:43])([C:11]([H:12])([H:13])[H:14])[N:21]([H:22])[H:23],25.62784295752988
[Cl:1][C@:5]([C:4]([H:3])([H:31])[N:41]([H:42])[H:43])([C:11]#[N:12])[C:21]([H:22])([H:23])[H:24].[F-:2]>>[Cl-:1].[F:2][C@@:5]([C:4]([H:3])([H:31])[N:41]([H:42])[H:43])([C:11]#[N:12])[C:21]([H:22])([H:23])[H:24],18.85291155887237
[Br-:2].[Cl:1][C:5]([C:4]([H:3])([C:31]([H:32])([H:33])[H:34])[H:41])([C:11]([H:12])([H:13])[H:14])[C:21]([H:22])([H:23])[H:24]>>[Br:2][C:5]([C:4]([H:3])([C:31]([H:32])([H:33])[H:34])[H:41])([C:11]([H:12])([H:13])[H:14])[C:21]([H:22])([H:23])[H:24].[Cl-:1],36.51319893361492
[F:1][C:5]([C@:4]([H:3])([N:31]([H:32])[H:33])[N+:41]([O-:42])[O:43])([H:11])[H:21].[H-:2]>>[F-:1].[H:2][C:5]([C@:4]([H:3])([N:31]([H:32])[H:33])[N+:41]([O-:42])[O:43])([H:11])[H:21],20.49507658976338
[F:1][C@:5]([C:4]([H:3])([C:31]#[N:32])[H:41])([N+:11]([O-:12])[O:13])[C:21]([H:22])([H:23])[H:24].[H-:2]>>[F-:1].[H:2][C@@:5]([C:4]([H:3])([C:31]#[N:32])[H:41])([N+:11]([O-:12])[O:13])[C:21]([H:22])([H:23])[H:24],10.330447138334469
[Cl-:2].[Cl:1][C:5]([C@:4]([H:3])([C:31]#[N:32])[N:41]([H:42])[H:43])([C:11]([H:12])([H:13])[H:14])[C:21]([H:22])([H:23])[H:24]>>[Cl-:1].[Cl:2][C:5]([C@:4]([H:3])([C:31]#[N:32])[N:41]([H:42])[H:43])([C:11]([H:12])([H:13])[H:14])[C:21]([H:22])([H:23])[H:24],36.886563213074666
[Br:1][C@:5]([C@:4]([H:3])([C:31]#[N:32])[C:41]([H:42])([H:43])[H:44])([N+:11]([O-:12])[O:13])[H:21].[Cl-:2]>>[Br-:1].[Cl:2][C@@:5]([C@:4]([H:3])([C:31]#[N:32])[C:41]([H:42])([H:43])[H:44])([N+:11]([O-:12])[O:13])[H:21],17.912086758465513
[F-:2].[F:1][C@:5]([C:4]([H:3])([C:31]([H:32])([H:33])[H:34])[H:41])([C:11]#[N:12])[N+:21]([O-:22])[O:23]>>[F-:1].[F:2][C@@:5]([C:4]([H:3])([C:31]([H:32])([H:33])[H:34])[H:41])([C:11]#[N:12])[N+:21]([O-:22])[O:23],14.530331299211106
[Br:1][C@:5]([C@:4]([H:3])([C:31]([H:32])([H:33])[H:34])[C:41]#[N:42])([C:11]#[N:12])[C:21]([H:22])([H:23])[H:24].[Cl-:2]>>[Br-:1].[Cl:2][C@@:5]([C@:4]([H:3])([C:31]([H:32])([H:33])[H:34])[C:41]#[N:42])([C:11]#[N:12])[C:21]([H:22])([H:23])[H:24],30.700743605246497
[Cl-:2].[Cl:1][C@:5]([C@:4]([H:3])([C:31]#[N:32])[N+:41]([O-:42])[O:43])([C:11]#[N:12])[H:21]>>[Cl-:1].[Cl:2][C@@:5]([C@:4]([H:3])([C:31]#[N:32])[N+:41]([O-:42])[O:43])([C:11]#[N:12])[H:21],20.2249156596021
[Cl-:2].[Cl:1][C@:5]([C:4]([H:3])([C:31]#[N:32])[H:41])([H:11])[C:21]([H:22])([H:23])[H:24]>>[Cl-:1].[Cl:2][C@@:5]([C:4]([H:3])([C:31]#[N:32])[H:41])([H:11])[C:21]([H:22])([H:23])[H:24],17.066081471580176
[Cl:1][C@:5]([C:4]([H:3])([N+:31]([O-:32])[O:33])[H:41])([C:11]([H:12])([H:13])[H:14])[N:21]([H:22])[H:23].[H-:2]>>[Cl-:1].[H:2][C@@:5]([C:4]([H:3])([N+:31]([O-:32])[O:33])[H:41])([C:11]([H:12])([H:13])[H:14])[N:21]([H:22])[H:23],25.32467295546671
[F-:2].[F:1][C@:5]([C@:4]([H:3])([N:31]([H:32])[H:33])[C:41]([H:42])([H:43])[H:44])([C:11]#[N:12])[C:21]([H:22])([H:23])[H:24]>>[F-:1].[F:2][C@@:5]([C@:4]([H:3])([N:31]([H:32])[H:33])[C:41]([H:42])([H:43])[H:44])([C:11]#[N:12])[C:21]([H:22])([H:23])[H:24],34.14572293531181
[Br:1][C@:5]([C@:4]([H:3])([C:31]#[N:32])[N+:41]([O-:42])[O:43])([H:11])[C:21]([H:22])([H:23])[H:24].[Cl-:2]>>[Br-:1].[Cl:2][C@@:5]([C@:4]([H:3])([C:31]#[N:32])[N+:41]([O-:42])[O:43])([H:11])[C:21]([H:22])([H:23])[H:24],23.65980255233909
[Br-:2].[Cl:1][C@:5]([C:4]([H:3])([N+:31]([O-:32])[O:33])[N+:41]([O-:42])[O:43])([C:11]([H:12])([H:13])[H:14])[H:21]>>[Br:2][C@@:5]([C:4]([H:3])([N+:31]([O-:32])[O:33])[N+:41]([O-:42])[O:43])([C:11]([H:12])([H:13])[H:14])[H:21].[Cl-:1],38.93756029620893
[Cl-:2].[Cl:1][C@:5]([C:4]([H:3])([N+:31]([O-:32])[O:33])[H:41])([C:11]#[N:12])[C:21]([H:22])([H:23])[H:24]>>[Cl-:1].[Cl:2][C@@:5]([C:4]([H:3])([N+:31]([O-:32])[O:33])[H:41])([C:11]#[N:12])[C:21]([H:22])([H:23])[H:24],21.79386083056437
[F-:2].[F:1][C@:5]([C@:4]([H:3])([N+:31]([O-:32])[O:33])[C:41]#[N:42])([N:11]([H:12])[H:13])[H:21]>>[F-:1].[F:2][C@@:5]([C@:4]([H:3])([N+:31]([O-:32])[O:33])[C:41]#[N:42])([N:11]([H:12])[H:13])[H:21],28.616886663834794
[F-:2].[F:1][C@:5]([C@:4]([H:3])([C:31]([H:32])([H:33])[H:34])[N+:41]([O-:42])[O:43])([C:11]([H:12])([H:13])[H:14])[H:21]>>[F-:1].[F:2][C@@:5]([C@:4]([H:3])([C:31]([H:32])([H:33])[H:34])[N+:41]([O-:42])[O:43])([C:11]([H:12])([H:13])[H:14])[H:21],18.66778899110629
[F:1][C@:5]([C@:4]([H:3])([C:31]#[N:32])[N:41]([H:42])[H:43])([C:11]([H:12])([H:13])[H:14])[N+:21]([O-:22])[O:23].[H-:2]>>[F-:1].[H:2][C@@:5]([C@:4]([H:3])([C:31]#[N:32])[N:41]([H:42])[H:43])([C:11]([H:12])([H:13])[H:14])[N+:21]([O-:22])[O:23],17.376714698559635
[Br-:2].[Br:1][C@:5]([C:4]([H:3])([N+:31]([O-:32])[O:33])[H:41])([H:11])[C:21]([H:22])([H:23])[H:24]>>[Br-:1].[Br:2][C@@:5]([C:4]([H:3])([N+:31]([O-:32])[O:33])[H:41])([H:11])[C:21]([H:22])([H:23])[H:24],25.12705108824056
[Br:1][C:5]([C@:4]([H:3])([N:31]([H:32])[H:33])[C:41]#[N:42])([H:11])[H:21].[H-:2]>>[Br-:1].[H:2][C:5]([C@:4]([H:3])([N:31]([H:32])[H:33])[C:41]#[N:42])([H:11])[H:21],10.543031549735831
[Br:1][C@:5]([C@:4]([H:3])([C:31]#[N:32])[C:41]([H:42])([H:43])[H:44])([C:11]#[N:12])[H:21].[F-:2]>>[Br-:1].[F:2][C@@:5]([C@:4]([H:3])([C:31]#[N:32])[C:41]([H:42])([H:43])[H:44])([C:11]#[N:12])[H:21],7.46027358980016
[Cl:1][C@:5]([C@:4]([H:3])([N+:31]([O-:32])[O:33])[N:41]([H:42])[H:43])([N+:11]([O-:12])[O:13])[N:21]([H:22])[H:23].[H-:2]>>[Cl-:1].[H:2][C@@:5]([C@:4]([H:3])([N+:31]([O-:32])[O:33])[N:41]([H:42])[H:43])([N+:11]([O-:12])[O:13])[N:21]([H:22])[H:23],10.834570512051496
[Br-:2].[Br:1][C@:5]([C:4]([H:3])([N:31]([H:32])[H:33])[N:41]([H:42])[H:43])([C:11]([H:12])([H:13])[H:14])[H:21]>>[Br-:1].[Br:2][C@@:5]([C:4]([H:3])([N:31]([H:32])[H:33])[N:41]([H:42])[H:43])([C:11]([H:12])([H:13])[H:14])[H:21],32.01529699017315
[Cl:1][C@:5]([C@:4]([H:3])([N:31]([H:32])[H:33])[N+:41]([O-:42])[O:43])([H:11])[N:21]([H:22])[H:23].[H-:2]>>[Cl-:1].[H:2][C:5]([C@:4]([H:3])([N:31]([H:32])[H:33])[N+:41]([O-:42])[O:43])([H:11])[N:21]([H:22])[H:23],19.423098286670168
[Cl-:2].[F:1][C@:5]([C:4]([H:3])([N+:31]([O-:32])[O:33])[H:41])([N:11]([H:12])[H:13])[N+:21]([O-:22])[O:23]>>[Cl:2][C@@:5]([C:4]([H:3])([N+:31]([O-:32])[O:33])[H:41])([N:11]([H:12])[H:13])[N+:21]([O-:22])[O:23].[F-:1],50.50410835935183
[Br:1][C@:5]([C@:4]([H:3])([N+:31]([O-:32])[O:33])[C:41]#[N:42])([C:11]#[N:12])[H:21].[F-:2]>>[Br-:1].[F:2][C@@:5]([C@:4]([H:3])([N+:31]([O-:32])[O:33])[C:41]#[N:42])([C:11]#[N:12])[H:21],0.3176380266993424
[Cl:1][C:5]([C:4]([H:3])([H:31])[H:41])([C:11]([H:12])([H:13])[H:14])[N:21]([H:22])[H:23].[H-:2]>>[Cl-:1].[H:2][C:5]([C:4]([H:3])([H:31])[H:41])([C:11]([H:12])([H:13])[H:14])[N:21]([H:22])[H:23],22.14471106302371
[Cl-:2].[Cl:1][C@:5]([C:4]([H:3])([C:31]#[N:32])[H:41])([H:11])[C:21]#[N:22]>>[Cl-:1].[Cl:2][C@@:5]([C:4]([H:3])([C:31]#[N:32])[H:41])([H:11])[C:21]#[N:22],17.342329667875443
[Cl-:2].[Cl:1][C@:5]([C:4]([H:3])([H:31])[C:41]([H:42])([H:43])[H:44])([N+:11]([O-:12])[O:13])[C:21]([H:22])([H:23])[H:24]>>[Cl-:1].[Cl:2][C@@:5]([C:4]([H:3])([H:31])[C:41]([H:42])([H:43])[H:44])([N+:11]([O-:12])[O:13])[C:21]([H:22])([H:23])[H:24],30.79710055782125
[Cl-:2].[Cl:1][C@:5]([C:4]([H:3])([N:31]([H:32])[H:33])[H:41])([N+:11]([O-:12])[O:13])[C:21]#[N:22]>>[Cl-:1].[Cl:2][C@@:5]([C:4]([H:3])([N:31]([H:32])[H:33])[H:41])([N+:11]([O-:12])[O:13])[C:21]#[N:22],24.02564864220635
[F-:2].[F:1][C@:5]([C@:4]([H:3])([C:31]#[N:32])[C:41]([H:42])([H:43])[H:44])([H:11])[N+:21]([O-:22])[O:23]>>[F-:1].[F:2][C@@:5]([C@:4]([H:3])([C:31]#[N:32])[C:41]([H:42])([H:43])[H:44])([H:11])[N+:21]([O-:22])[O:23],15.323005953069424
[Br:1][C:5]([C@:4]([H:3])([N:31]([H:32])[H:33])[C:41]([H:42])([H:43])[H:44])([H:11])[H:21].[F-:2]>>[Br-:1].[F:2][C:5]([C@:4]([H:3])([N:31]([H:32])[H:33])[C:41]([H:42])([H:43])[H:44])([H:11])[H:21],19.79259170512146
[F-:2].[F:1][C@:5]([C@:4]([H:3])([N+:31]([O-:32])[O:33])[C:41]#[N:42])([N:11]([H:12])[H:13])[C:21]#[N:22]>>[F-:1].[F:2][C@@:5]([C@:4]([H:3])([N+:31]([O-:32])[O:33])[C:41]#[N:42])([N:11]([H:12])[H:13])[C:21]#[N:22],27.13890105985277
[F:1][C@:5]([C:4]([H:3])([N:31]([H:32])[H:33])[N:41]([H:42])[H:43])([H:11])[N:21]([H:22])[H:23].[H-:2]>>[F-:1].[H:2][C:5]([C:4]([H:3])([N:31]([H:32])[H:33])[N:41]([H:42])[H:43])([H:11])[N:21]([H:22])[H:23],36.73151713675311
[Cl-:2].[F:1][C@:5]([C@:4]([H:3])([C:31]([H:32])([H:33])[H:34])[C:41]#[N:42])([C:11]([H:12])([H:13])[H:14])[C:21]#[N:22]>>[Cl:2][C@@:5]([C@:4]([H:3])([C:31]([H:32])([H:33])[H:34])[C:41]#[N:42])([C:11]([H:12])([H:13])[H:14])[C:21]#[N:22].[F-:1],42.19689832586781
[Br:1][C@:5]([C@:4]([H:3])([C:31]([H:32])([H:33])[H:34])[N+:41]([O-:42])[O:43])([H:11])[C:21]#[N:22].[F-:2]>>[Br-:1].[F:2][C@@:5]([C@:4]([H:3])([C:31]([H:32])([H:33])[H:34])[N+:41]([O-:42])[O:43])([H:11])[C:21]#[N:22],0.9518529395812314
[Cl-:2].[F:1][C@:5]([C@:4]([H:3])([C:31]([H:32])([H:33])[H:34])[N:41]([H:42])[H:43])([C:11]([H:12])([H:13])[H:14])[N+:21]([O-:22])[O:23]>>[Cl:2][C@@:5]([C@:4]([H:3])([C:31]([H:32])([H:33])[H:34])[N:41]([H:42])[H:43])([C:11]([H:12])([H:13])[H:14])[N+:21]([O-:22])[O:23].[F-:1],51.97719137070968
[Cl:1][C@:5]([C@:4]([H:3])([C:31]#[N:32])[C:41]([H:42])([H:43])[H:44])([N:11]([H:12])[H:13])[H:21].[F-:2]>>[Cl-:1].[F:2][C@@:5]([C@:4]([H:3])([C:31]#[N:32])[C:41]([H:42])([H:43])[H:44])([N:11]([H:12])[H:13])[H:21],20.028813818041566
[Cl:1][C@:5]([C:4]([H:3])([N:31]([H:32])[H:33])[H:41])([C:11]([H:12])([H:13])[H:14])[N+:21]([O-:22])[O:23].[F-:2]>>[Cl-:1].[F:2][C@@:5]([C:4]([H:3])([N:31]([H:32])[H:33])[H:41])([C:11]([H:12])([H:13])[H:14])[N+:21]([O-:22])[O:23],14.81462310689538
[Cl-:2].[F:1][C@:5]([C@:4]([H:3])([C:31]([H:32])([H:33])[H:34])[N+:41]([O-:42])[O:43])([H:11])[N:21]([H:22])[H:23]>>[Cl:2][C@@:5]([C@:4]([H:3])([C:31]([H:32])([H:33])[H:34])[N+:41]([O-:42])[O:43])([H:11])[N:21]([H:22])[H:23].[F-:1],52.08614938929762
[F-:2].[F:1][C:5]([C@:4]([H:3])([N+:31]([O-:32])[O:33])[N:41]([H:42])[H:43])([H:11])[H:21]>>[F-:1].[F:2][C:5]([C@:4]([H:3])([N+:31]([O-:32])[O:33])[N:41]([H:42])[H:43])([H:11])[H:21],26.14523126368385
[Br:1][C@:5]([C:4]([H:3])([H:31])[C:41]#[N:42])([N:11]([H:12])[H:13])[N+:21]([O-:22])[O:23].[Cl-:2]>>[Br-:1].[Cl:2][C@@:5]([C:4]([H:3])([H:31])[C:41]#[N:42])([N:11]([H:12])[H:13])[N+:21]([O-:22])[O:23],34.23129945170621
[F:1][C@:5]([C@:4]([H:3])([N:31]([H:32])[H:33])[N+:41]([O-:42])[O:43])([H:11])[C:21]([H:22])([H:23])[H:24].[H-:2]>>[F-:1].[H:2][C:5]([C@:4]([H:3])([N:31]([H:32])[H:33])[N+:41]([O-:42])[O:43])([H:11])[C:21]([H:22])([H:23])[H:24],25.199878695496857
[Br:1][C@:5]([C:4]([H:3])([H:31])[C:41]#[N:42])([C:11]([H:12])([H:13])[H:14])[C:21]#[N:22].[F-:2]>>[Br-:1].[F:2][C@@:5]([C:4]([H:3])([H:31])[C:41]#[N:42])([C:11]([H:12])([H:13])[H:14])[C:21]#[N:22],12.621869213062894
[Br-:2].[Cl:1][C@:5]([C:4]([H:3])([N+:31]([O-:32])[O:33])[N+:41]([O-:42])[O:43])([H:11])[C:21]#[N:22]>>[Br:2][C@@:5]([C:4]([H:3])([N+:31]([O-:32])[O:33])[N+:41]([O-:42])[O:43])([H:11])[C:21]#[N:22].[Cl-:1],30.68221284563752
[Br-:2].[Cl:1][C@:5]([C:4]([H:3])([N:31]([H:32])[H:33])[H:41])([N+:11]([O-:12])[O:13])[C:21]#[N:22]>>[Br:2][C@@:5]([C:4]([H:3])([N:31]([H:32])[H:33])[H:41])([N+:11]([O-:12])[O:13])[C:21]#[N:22].[Cl-:1],26.19444583020875
[F:1][C@:5]([C@:4]([H:3])([C:31]#[N:32])[C:41]([H:42])([H:43])[H:44])([N+:11]([O-:12])[O:13])[H:21].[H-:2]>>[F-:1].[H:2][C:5]([C@:4]([H:3])([C:31]#[N:32])[C:41]([H:42])([H:43])[H:44])([N+:11]([O-:12])[O:13])[H:21],5.911611199487102
[Br-:2].[Cl:1][C@:5]([C@:4]([H:3])([C:31]#[N:32])[N:41]([H:42])[H:43])([C:11]#[N:12])[H:21]>>[Br:2][C@@:5]([C@:4]([H:3])([C:31]#[N:32])[N:41]([H:42])[H:43])([C:11]#[N:12])[H:21].[Cl-:1],30.188483741492625
[Cl:1][C:5]([C:4]([H:3])([H:31])[C:41]#[N:42])([H:11])[H:21].[H-:2]>>[Cl-:1].[H:2][C:5]([C:4]([H:3])([H:31])[C:41]#[N:42])([H:11])[H:21],4.70932869220645
[Br:1][C@:5]([C@:4]([H:3])([N:31]([H:32])[H:33])[C:41]([H:42])([H:43])[H:44])([H:11])[N:21]([H:22])[H:23].[F-:2]>>[Br-:1].[F:2][C@@:5]([C@:4]([H:3])([N:31]([H:32])[H:33])[C:41]([H:42])([H:43])[H:44])([H:11])[N:21]([H:22])[H:23],20.03552851476579
[Br:1][C@:5]([C@:4]([H:3])([C:31]([H:32])([H:33])[H:34])[C:41]#[N:42])([N:11]([H:12])[H:13])[C:21]#[N:22].[F-:2]>>[Br-:1].[F:2][C@@:5]([C@:4]([H:3])([C:31]([H:32])([H:33])[H:34])[C:41]#[N:42])([N:11]([H:12])[H:13])[C:21]#[N:22],16.948151851092963
[F-:2].[F:1][C@:5]([C:4]([H:3])([H:31])[N:41]([H:42])[H:43])([N+:11]([O-:12])[O:13])[N:21]([H:22])[H:23]>>[F-:1].[F:2][C@@:5]([C:4]([H:3])([H:31])[N:41]([H:42])[H:43])([N+:11]([O-:12])[O:13])[N:21]([H:22])[H:23],34.618608591676264
[Br:1][C@:5]([C:4]([H:3])([N+:31]([O-:32])[O:33])[N+:41]([O-:42])[O:43])([H:11])[N:21]([H:22])[H:23].[F-:2]>>[Br-:1].[F:2][C@@:5]([C:4]([H:3])([N+:31]([O-:32])[O:33])[N+:41]([O-:42])[O:43])([H:11])[N:21]([H:22])[H:23],10.706861587242232
[Br-:2].[F:1][C@:5]([C:4]([H:3])([N:31]([H:32])[H:33])[N:41]([H:42])[H:43])([C:11]([H:12])([H:13])[H:14])[N+:21]([O-:22])[O:23]>>[Br:2][C@@:5]([C:4]([H:3])([N:31]([H:32])[H:33])[N:41]([H:42])[H:43])([C:11]([H:12])([H:13])[H:14])[N+:21]([O-:22])[O:23].[F-:1],44.15436665230942
[Cl:1][C@:5]([C@:4]([H:3])([C:31]([H:32])([H:33])[H:34])[C:41]#[N:42])([C:11]#[N:12])[C:21]([H:22])([H:23])[H:24].[H-:2]>>[Cl-:1].[H:2][C@@:5]([C@:4]([H:3])([C:31]([H:32])([H:33])[H:34])[C:41]#[N:42])([C:11]#[N:12])[C:21]([H:22])([H:23])[H:24],6.7353135126286325
[Cl:1][C@:5]([C:4]([H:3])([N:31]([H:32])[H:33])[N:41]([H:42])[H:43])([C:11]([H:12])([H:13])[H:14])[H:21].[H-:2]>>[Cl-:1].[H:2][C:5]([C:4]([H:3])([N:31]([H:32])[H:33])[N:41]([H:42])[H:43])([C:11]([H:12])([H:13])[H:14])[H:21],19.84564517639669
[Br:1][C@:5]([C:4]([H:3])([N:31]([H:32])[H:33])[N:41]([H:42])[H:43])([N+:11]([O-:12])[O:13])[H:21].[Cl-:2]>>[Br-:1].[Cl:2][C@@:5]([C:4]([H:3])([N:31]([H:32])[H:33])[N:41]([H:42])[H:43])([N+:11]([O-:12])[O:13])[H:21],35.9690610886471
[Br:1][C@:5]([C:4]([H:3])([H:31])[C:41]([H:42])([H:43])[H:44])([N+:11]([O-:12])[O:13])[N:21]([H:22])[H:23].[H-:2]>>[Br-:1].[H:2][C@@:5]([C:4]([H:3])([H:31])[C:41]([H:42])([H:43])[H:44])([N+:11]([O-:12])[O:13])[N:21]([H:22])[H:23],8.533266265166004
[F:1][C@:5]([C@:4]([H:3])([N:31]([H:32])[H:33])[N+:41]([O-:42])[O:43])([N:11]([H:12])[H:13])[H:21].[H-:2]>>[F-:1].[H:2][C:5]([C@:4]([H:3])([N:31]([H:32])[H:33])[N+:41]([O-:42])[O:43])([N:11]([H:12])[H:13])[H:21],30.153134421367486
[Br:1][C@:5]([C:4]([H:3])([N+:31]([O-:32])[O:33])[H:41])([N+:11]([O-:12])[O:13])[H:21].[F-:2]>>[Br-:1].[F:2][C@@:5]([C:4]([H:3])([N+:31]([O-:32])[O:33])[H:41])([N+:11]([O-:12])[O:13])[H:21],0.6277522149968826
[Cl-:2].[Cl:1][C@:5]([C@:4]([H:3])([C:31]([H:32])([H:33])[H:34])[C:41]#[N:42])([C:11]#[N:12])[H:21]>>[Cl-:1].[Cl:2][C@@:5]([C@:4]([H:3])([C:31]([H:32])([H:33])[H:34])[C:41]#[N:42])([C:11]#[N:12])[H:21],26.29920489822668
[Cl:1][C@:5]([C@:4]([H:3])([N:31]([H:32])[H:33])[C:41]([H:42])([H:43])[H:44])([N:11]([H:12])[H:13])[C:21]#[N:22].[F-:2]>>[Cl-:1].[F:2][C@@:5]([C@:4]([H:3])([N:31]([H:32])[H:33])[C:41]([H:42])([H:43])[H:44])([N:11]([H:12])[H:13])[C:21]#[N:22],31.96076100778785
[F:1][C@:5]([C@:4]([H:3])([C:31]#[N:32])[N+:41]([O-:42])[O:43])([N:11]([H:12])[H:13])[H:21].[H-:2]>>[F-:1].[H:2][C:5]([C@:4]([H:3])([C:31]#[N:32])[N+:41]([O-:42])[O:43])([N:11]([H:12])[H:13])[H:21],20.328993613798787
[Br:1][C:5]([C:4]([H:3])([H:31])[H:41])([C:11]([H:12])([H:13])[H:14])[H:21].[H-:2]>>[Br-:1].[H:2][C:5]([C:4]([H:3])([H:31])[H:41])([C:11]([H:12])([H:13])[H:14])[H:21],6.367787498412287
[Cl:1][C@:5]([C@:4]([H:3])([N:31]([H:32])[H:33])[C:41]#[N:42])([C:11]([H:12])([H:13])[H:14])[N:21]([H:22])[H:23].[H-:2]>>[Cl-:1].[H:2][C@@:5]([C@:4]([H:3])([N:31]([H:32])[H:33])[C:41]#[N:42])([C:11]([H:12])([H:13])[H:14])[N:21]([H:22])[H:23],26.72983390600439
[Cl:1][C@:5]([C:4]([H:3])([H:31])[C:41]#[N:42])([C:11]#[N:12])[N:21]([H:22])[H:23].[F-:2]>>[Cl-:1].[F:2][C@@:5]([C:4]([H:3])([H:31])[C:41]#[N:42])([C:11]#[N:12])[N:21]([H:22])[H:23],20.829371500874352
[Cl:1][C@:5]([C@:4]([H:3])([C:31]#[N:32])[N:41]([H:42])[H:43])([N:11]([H:12])[H:13])[N+:21]([O-:22])[O:23].[F-:2]>>[Cl-:1].[F:2][C@@:5]([C@:4]([H:3])([C:31]#[N:32])[N:41]([H:42])[H:43])([N:11]([H:12])[H:13])[N+:21]([O-:22])[O:23],30.365496114446263
[Cl:1][C@:5]([C@:4]([H:3])([N+:31]([O-:32])[O:33])[C:41]#[N:42])([N:11]([H:12])[H:13])[C:21]#[N:22].[F-:2]>>[Cl-:1].[F:2][C@@:5]([C@:4]([H:3])([N+:31]([O-:32])[O:33])[C:41]#[N:42])([N:11]([H:12])[H:13])[C:21]#[N:22],22.96161413507875
[Br-:2].[F:1][C@:5]([C@:4]([H:3])([N:31]([H:32])[H:33])[N+:41]([O-:42])[O:43])([H:11])[N:21]([H:22])[H:23]>>[Br:2][C@@:5]([C@:4]([H:3])([N:31]([H:32])[H:33])[N+:41]([O-:42])[O:43])([H:11])[N:21]([H:22])[H:23].[F-:1],53.73961936055122
[Cl-:2].[Cl:1][C:5]([C:4]([H:3])([N+:31]([O-:32])[O:33])[H:41])([H:11])[H:21]>>[Cl-:1].[Cl:2][C:5]([C:4]([H:3])([N+:31]([O-:32])[O:33])[H:41])([H:11])[H:21],22.194608948734498
[Cl-:2].[Cl:1][C@:5]([C:4]([H:3])([H:31])[N:41]([H:42])[H:43])([C:11]#[N:12])[H:21]>>[Cl-:1].[Cl:2][C@@:5]([C:4]([H:3])([H:31])[N:41]([H:42])[H:43])([C:11]#[N:12])[H:21],25.905506477102605
[F-:2].[F:1][C@:5]([C@:4]([H:3])([C:31]([H:32])([H:33])[H:34])[N:41]([H:42])[H:43])([C:11]#[N:12])[H:21]>>[F-:1].[F:2][C@@:5]([C@:4]([H:3])([C:31]([H:32])([H:33])[H:34])[N:41]([H:42])[H:43])([C:11]#[N:12])[H:21],28.78260988199361
[Cl-:2].[F:1][C:5]([C:4]([H:3])([C:31]([H:32])([H:33])[H:34])[H:41])([C:11]([H:12])([H:13])[H:14])[C:21]([H:22])([H:23])[H:24]>>[Cl:2][C:5]([C:4]([H:3])([C:31]([H:32])([H:33])[H:34])[H:41])([C:11]([H:12])([H:13])[H:14])[C:21]([H:22])([H:23])[H:24].[F-:1],48.95617640121497
[F-:2].[F:1][C@:5]([C:4]([H:3])([C:31]#[N:32])[C:41]#[N:42])([H:11])[C:21]([H:22])([H:23])[H:24]>>[F-:1].[F:2][C@@:5]([C:4]([H:3])([C:31]#[N:32])[C:41]#[N:42])([H:11])[C:21]([H:22])([H:23])[H:24],15.054881801643395
[Cl:1][C@:5]([C@:4]([H:3])([C:31]([H:32])([H:33])[H:34])[N:41]([H:42])[H:43])([C:11]#[N:12])[N:21]([H:22])[H:23].[H-:2]>>[Cl-:1].[H:2][C@@:5]([C@:4]([H:3])([C:31]([H:32])([H:33])[H:34])[N:41]([H:42])[H:43])([C:11]#[N:12])[N:21]([H:22])[H:23],16.859341085275528
[Cl-:2].[F:1][C@:5]([C:4]([H:3])([N+:31]([O-:32])[O:33])[N+:41]([O-:42])[O:43])([H:11])[C:21]#[N:22]>>[Cl:2][C@@:5]([C:4]([H:3])([N+:31]([O-:32])[O:33])[N+:41]([O-:42])[O:43])([H:11])[C:21]#[N:22].[F-:1],38.8888883212825
[F-:2].[F:1][C@:5]([C@:4]([H:3])([C:31]#[N:32])[C:41]([H:42])([H:43])[H:44])([H:11])[C:21]([H:22])([H:23])[H:24]>>[F-:1].[F:2][C@@:5]([C@:4]([H:3])([C:31]#[N:32])[C:41]([H:42])([H:43])[H:44])([H:11])[C:21]([H:22])([H:23])[H:24],25.200967737867977
[Cl:1][C@:5]([C:4]([H:3])([C:31]([H:32])([H:33])[H:34])[H:41])([C:11]([H:12])([H:13])[H:14])[N+:21]([O-:22])[O:23].[F-:2]>>[Cl-:1].[F:2][C@@:5]([C:4]([H:3])([C:31]([H:32])([H:33])[H:34])[H:41])([C:11]([H:12])([H:13])[H:14])[N+:21]([O-:22])[O:23],15.565480743258624
[Br:1][C@:5]([C@:4]([H:3])([C:31]#[N:32])[N:41]([H:42])[H:43])([H:11])[C:21]([H:22])([H:23])[H:24].[F-:2]>>[Br-:1].[F:2][C@@:5]([C@:4]([H:3])([C:31]#[N:32])[N:41]([H:42])[H:43])([H:11])[C:21]([H:22])([H:23])[H:24],13.437228128347892
[F-:2].[F:1][C@:5]([C:4]([H:3])([N+:31]([O-:32])[O:33])[N+:41]([O-:42])[O:43])([N:11]([H:12])[H:13])[C:21]#[N:22]>>[F-:1].[F:2][C@@:5]([C:4]([H:3])([N+:31]([O-:32])[O:33])[N+:41]([O-:42])[O:43])([N:11]([H:12])[H:13])[C:21]#[N:22],29.717818383526826
[Cl-:2].[F:1][C:5]([C@:4]([H:3])([N+:31]([O-:32])[O:33])[C:41]([H:42])([H:43])[H:44])([C:11]([H:12])([H:13])[H:14])[C:21]([H:22])([H:23])[H:24]>>[Cl:2][C:5]([C@:4]([H:3])([N+:31]([O-:32])[O:33])[C:41]([H:42])([H:43])[H:44])([C:11]([H:12])([H:13])[H:14])[C:21]([H:22])([H:23])[H:24].[F-:1],51.81785442312204
[Cl-:2].[Cl:1][C:5]([C:4]([H:3])([H:31])[H:41])([N+:11]([O-:12])[O:13])[C:21]([H:22])([H:23])[H:24]>>[Cl-:1].[Cl:2][C:5]([C:4]([H:3])([H:31])[H:41])([N+:11]([O-:12])[O:13])[C:21]([H:22])([H:23])[H:24],24.992547189894708
[Cl:1][C@:5]([C@:4]([H:3])([N:31]([H:32])[H:33])[C:41]#[N:42])([C:11]([H:12])([H:13])[H:14])[C:21]#[N:22].[H-:2]>>[Cl-:1].[H:2][C@@:5]([C@:4]([H:3])([N:31]([H:32])[H:33])[C:41]#[N:42])([C:11]([H:12])([H:13])[H:14])[C:21]#[N:22],2.6207410507818185
[Cl:1][C@:5]([C@:4]([H:3])([C:31]([H:32])([H:33])[H:34])[N+:41]([O-:42])[O:43])([H:11])[N+:21]([O-:22])[O:23].[F-:2]>>[Cl-:1].[F:2][C@@:5]([C@:4]([H:3])([C:31]([H:32])([H:33])[H:34])[N+:41]([O-:42])[O:43])([H:11])[N+:21]([O-:22])[O:23],14.353065306624206
[F-:2].[F:1][C@:5]([C@:4]([H:3])([C:31]([H:32])([H:33])[H:34])[C:41]#[N:42])([N:11]([H:12])[H:13])[C:21]([H:22])([H:23])[H:24]>>[F-:1].[F:2][C@@:5]([C@:4]([H:3])([C:31]([H:32])([H:33])[H:34])[C:41]#[N:42])([N:11]([H:12])[H:13])[C:21]([H:22])([H:23])[H:24],39.78153159103216
[Cl:1][C@:5]([C@:4]([H:3])([N+:31]([O-:32])[O:33])[C:41]([H:42])([H:43])[H:44])([C:11]([H:12])([H:13])[H:14])[H:21].[F-:2]>>[Cl-:1].[F:2][C@@:5]([C@:4]([H:3])([N+:31]([O-:32])[O:33])[C:41]([H:42])([H:43])[H:44])([C:11]([H:12])([H:13])[H:14])[H:21],20.573984740257288
[Cl:1][C@:5]([C:4]([H:3])([H:31])[C:41]([H:42])([H:43])[H:44])([N+:11]([O-:12])[O:13])[N:21]([H:22])[H:23].[F-:2]>>[Cl-:1].[F:2][C@@:5]([C:4]([H:3])([H:31])[C:41]([H:42])([H:43])[H:44])([N+:11]([O-:12])[O:13])[N:21]([H:22])[H:23],19.00018721653496
[F:1][C@:5]([C:4]([H:3])([H:31])[N+:41]([O-:42])[O:43])([N+:11]([O-:12])[O:13])[N:21]([H:22])[H:23].[H-:2]>>[F-:1].[H:2][C@@:5]([C:4]([H:3])([H:31])[N+:41]([O-:42])[O:43])([N+:11]([O-:12])[O:13])[N:21]([H:22])[H:23],14.525646107504828
[Cl:1][C@:5]([C@:4]([H:3])([C:31]#[N:32])[C:41]([H:42])([H:43])[H:44])([H:11])[C:21]([H:22])([H:23])[H:24].[H-:2]>>[Cl-:1].[H:2][C:5]([C@:4]([H:3])([C:31]#[N:32])[C:41]([H:42])([H:43])[H:44])([H:11])[C:21]([H:22])([H:23])[H:24],7.8398978579842815
[Cl:1][C@:5]([C:4]([H:3])([N+:31]([O-:32])[O:33])[N+:41]([O-:42])[O:43])([C:11]#[N:12])[H:21].[F-:2]>>[Cl-:1].[F:2][C@@:5]([C:4]([H:3])([N+:31]([O-:32])[O:33])[N+:41]([O-:42])[O:43])([C:11]#[N:12])[H:21],5.667878888977258
[Br:1][C@:5]([C@:4]([H:3])([N:31]([H:32])[H:33])[C:41]([H:42])([H:43])[H:44])([C:11]#[N:12])[C:21]([H:22])([H:23])[H:24].[F-:2]>>[Br-:1].[F:2][C@@:5]([C@:4]([H:3])([N:31]([H:32])[H:33])[C:41]([H:42])([H:43])[H:44])([C:11]#[N:12])[C:21]([H:22])([H:23])[H:24],22.6513363193467
[Cl-:2].[F:1][C:5]([C@:4]([H:3])([N:31]([H:32])[H:33])[N+:41]([O-:42])[O:43])([C:11]([H:12])([H:13])[H:14])[C:21]([H:22])([H:23])[H:24]>>[Cl:2][C:5]([C@:4]([H:3])([N:31]([H:32])[H:33])[N+:41]([O-:42])[O:43])([C:11]([H:12])([H:13])[H:14])[C:21]([H:22])([H:23])[H:24].[F-:1],48.65678862078404
[F-:2].[F:1][C@:5]([C:4]([H:3])([H:31])[N:41]([H:42])[H:43])([C:11]([H:12])([H:13])[H:14])[N+:21]([O-:22])[O:23]>>[F-:1].[F:2][C@@:5]([C:4]([H:3])([H:31])[N:41]([H:42])[H:43])([C:11]([H:12])([H:13])[H:14])[N+:21]([O-:22])[O:23],25.04178339532485
[Cl-:2].[Cl:1][C@:5]([C:4]([H:3])([H:31])[C:41]([H:42])([H:43])[H:44])([C:11]#[N:12])[H:21]>>[Cl-:1].[Cl:2][C@@:5]([C:4]([H:3])([H:31])[C:41]([H:42])([H:43])[H:44])([C:11]#[N:12])[H:21],20.53661690159977
[Cl:1][C@:5]([C@:4]([H:3])([N+:31]([O-:32])[O:33])[C:41]#[N:42])([C:11]#[N:12])[N:21]([H:22])[H:23].[F-:2]>>[Cl-:1].[F:2][C@@:5]([C@:4]([H:3])([N+:31]([O-:32])[O:33])[C:41]#[N:42])([C:11]#[N:12])[N:21]([H:22])[H:23],24.59371572770881
[Cl:1][C@:5]([C:4]([H:3])([H:31])[H:41])([C:11]#[N:12])[N+:21]([O-:22])[O:23].[F-:2]>>[Cl-:1].[F:2][C@@:5]([C:4]([H:3])([H:31])[H:41])([C:11]#[N:12])[N+:21]([O-:22])[O:23],1.703800616775354
[F-:2].[F:1][C@:5]([C:4]([H:3])([N:31]([H:32])[H:33])[N:41]([H:42])[H:43])([H:11])[N:21]([H:22])[H:23]>>[F-:1].[F:2][C@@:5]([C:4]([H:3])([N:31]([H:32])[H:33])[N:41]([H:42])[H:43])([H:11])[N:21]([H:22])[H:23],43.42062330632822
[Cl:1][C@:5]([C@:4]([H:3])([N+:31]([O-:32])[O:33])[C:41]([H:42])([H:43])[H:44])([C:11]#[N:12])[H:21].[F-:2]>>[Cl-:1].[F:2][C@@:5]([C@:4]([H:3])([N+:31]([O-:32])[O:33])[C:41]([H:42])([H:43])[H:44])([C:11]#[N:12])[H:21],1.3149843737792395
[Cl-:2].[F:1][C@:5]([C@:4]([H:3])([N:31]([H:32])[H:33])[C:41]#[N:42])([N+:11]([O-:12])[O:13])[N:21]([H:22])[H:23]>>[Cl:2][C@@:5]([C@:4]([H:3])([N:31]([H:32])[H:33])[C:41]#[N:42])([N+:11]([O-:12])[O:13])[N:21]([H:22])[H:23].[F-:1],50.85596149633071
[Br-:2].[Cl:1][C@:5]([C:4]([H:3])([N:31]([H:32])[H:33])[N:41]([H:42])[H:43])([H:11])[C:21]([H:22])([H:23])[H:24]>>[Br:2][C@@:5]([C:4]([H:3])([N:31]([H:32])[H:33])[N:41]([H:42])[H:43])([H:11])[C:21]([H:22])([H:23])[H:24].[Cl-:1],43.44879341321353
[Cl-:2].[Cl:1][C@:5]([C@:4]([H:3])([C:31]([H:32])([H:33])[H:34])[N:41]([H:42])[H:43])([C:11]([H:12])([H:13])[H:14])[N+:21]([O-:22])[O:23]>>[Cl-:1].[Cl:2][C@@:5]([C@:4]([H:3])([C:31]([H:32])([H:33])[H:34])[N:41]([H:42])[H:43])([C:11]([H:12])([H:13])[H:14])[N+:21]([O-:22])[O:23],43.24216970970669
[F-:2].[F:1][C:5]([C:4]([H:3])([H:31])[H:41])([C:11]#[N:12])[C:21]([H:22])([H:23])[H:24]>>[F-:1].[F:2][C:5]([C:4]([H:3])([H:31])[H:41])([C:11]#[N:12])[C:21]([H:22])([H:23])[H:24],18.310467823419565
[Cl:1][C@:5]([C:4]([H:3])([H:31])[N+:41]([O-:42])[O:43])([C:11]#[N:12])[H:21].[H-:2]>>[Cl-:1].[H:2][C:5]([C:4]([H:3])([H:31])[N+:41]([O-:42])[O:43])([C:11]#[N:12])[H:21],6.125659285594464
[Cl-:2].[F:1][C@:5]([C:4]([H:3])([H:31])[C:41]([H:42])([H:43])[H:44])([N:11]([H:12])[H:13])[H:21]>>[Cl:2][C@@:5]([C:4]([H:3])([H:31])[C:41]([H:42])([H:43])[H:44])([N:11]([H:12])[H:13])[H:21].[F-:1],51.70108291475661
[Br:1][C:5]([C@:4]([H:3])([C:31]#[N:32])[N:41]([H:42])[H:43])([C:11]([H:12])([H:13])[H:14])[C:21]([H:22])([H:23])[H:24].[Cl-:2]>>[Br-:1].[Cl:2][C:5]([C@:4]([H:3])([C:31]#[N:32])[N:41]([H:42])[H:43])([C:11]([H:12])([H:13])[H:14])[C:21]([H:22])([H:23])[H:24],35.40698854256144
[Cl:1][C@:5]([C@:4]([H:3])([N+:31]([O-:32])[O:33])[C:41]#[N:42])([C:11]([H:12])([H:13])[H:14])[H:21].[F-:2]>>[Cl-:1].[F:2][C@@:5]([C@:4]([H:3])([N+:31]([O-:32])[O:33])[C:41]#[N:42])([C:11]([H:12])([H:13])[H:14])[H:21],4.681022576639236
[Cl-:2].[Cl:1][C@:5]([C@:4]([H:3])([C:31]#[N:32])[N:41]([H:42])[H:43])([C:11]#[N:12])[H:21]>>[Cl-:1].[Cl:2][C@@:5]([C@:4]([H:3])([C:31]#[N:32])[N:41]([H:42])[H:43])([C:11]#[N:12])[H:21],22.067100526127447
[F-:2].[F:1][C@:5]([C@:4]([H:3])([N:31]([H:32])[H:33])[N+:41]([O-:42])[O:43])([H:11])[C:21]#[N:22]>>[F-:1].[F:2][C@@:5]([C@:4]([H:3])([N:31]([H:32])[H:33])[N+:41]([O-:42])[O:43])([H:11])[C:21]#[N:22],22.331670077719888
[Cl:1][C@:5]([C:4]([H:3])([N:31]([H:32])[H:33])[H:41])([N+:11]([O-:12])[O:13])[H:21].[H-:2]>>[Cl-:1].[H:2][C:5]([C:4]([H:3])([N:31]([H:32])[H:33])[H:41])([N+:11]([O-:12])[O:13])[H:21],3.5812554237407674
[Br:1][C@:5]([C:4]([H:3])([C:31]([H:32])([H:33])[H:34])[H:41])([H:11])[C:21]([H:22])([H:23])[H:24].[F-:2]>>[Br-:1].[F:2][C@@:5]([C:4]([H:3])([C:31]([H:32])([H:33])[H:34])[H:41])([H:11])[C:21]([H:22])([H:23])[H:24],7.910297270648692
[Cl:1][C@:5]([C:4]([H:3])([N+:31]([O-:32])[O:33])[H:41])([H:11])[N:21]([H:22])[H:23].[H-:2]>>[Cl-:1].[H:2][C:5]([C:4]([H:3])([N+:31]([O-:32])[O:33])[H:41])([H:11])[N:21]([H:22])[H:23],15.866776951771392
[Br-:2].[Cl:1][C:5]([C:4]([H:3])([H:31])[N:41]([H:42])[H:43])([C:11]#[N:12])[C:21]#[N:22]>>[Br:2][C:5]([C:4]([H:3])([H:31])[N:41]([H:42])[H:43])([C:11]#[N:12])[C:21]#[N:22].[Cl-:1],23.867813059789565
[F-:2].[F:1][C@:5]([C:4]([H:3])([N+:31]([O-:32])[O:33])[H:41])([C:11]#[N:12])[H:21]>>[F-:1].[F:2][C@@:5]([C:4]([H:3])([N+:31]([O-:32])[O:33])[H:41])([C:11]#[N:12])[H:21],10.23307208298285
[Cl:1][C@:5]([C@:4]([H:3])([N:31]([H:32])[H:33])[N+:41]([O-:42])[O:43])([N+:11]([O-:12])[O:13])[N:21]([H:22])[H:23].[F-:2]>>[Cl-:1].[F:2][C@@:5]([C@:4]([H:3])([N:31]([H:32])[H:33])[N+:41]([O-:42])[O:43])([N+:11]([O-:12])[O:13])[N:21]([H:22])[H:23],25.01683658785093
[Cl-:2].[F:1][C@:5]([C:4]([H:3])([N+:31]([O-:32])[O:33])[H:41])([N:11]([H:12])[H:13])[C:21]#[N:22]>>[Cl:2][C@@:5]([C:4]([H:3])([N+:31]([O-:32])[O:33])[H:41])([N:11]([H:12])[H:13])[C:21]#[N:22].[F-:1],48.19423520853537
[F:1][C:5]([C:4]([H:3])([C:31]([H:32])([H:33])[H:34])[C:41]([H:42])([H:43])[H:44])([C:11]([H:12])([H:13])[H:14])[C:21]([H:22])([H:23])[H:24].[H-:2]>>[F-:1].[H:2][C:5]([C:4]([H:3])([C:31]([H:32])([H:33])[H:34])[C:41]([H:42])([H:43])[H:44])([C:11]([H:12])([H:13])[H:14])[C:21]([H:22])([H:23])[H:24],30.795306635721545
[Br-:2].[F:1][C@:5]([C@:4]([H:3])([C:31]#[N:32])[N:41]([H:42])[H:43])([C:11]#[N:12])[C:21]([H:22])([H:23])[H:24]>>[Br:2][C@@:5]([C@:4]([H:3])([C:31]#[N:32])[N:41]([H:42])[H:43])([C:11]#[N:12])[C:21]([H:22])([H:23])[H:24].[F-:1],44.55308739936647
[Br:1][C:5]([C@:4]([H:3])([C:31]([H:32])([H:33])[H:34])[N:41]([H:42])[H:43])([C:11]([H:12])([H:13])[H:14])[C:21]([H:22])([H:23])[H:24].[F-:2]>>[Br-:1].[F:2][C:5]([C@:4]([H:3])([C:31]([H:32])([H:33])[H:34])[N:41]([H:42])[H:43])([C:11]([H:12])([H:13])[H:14])[C:21]([H:22])([H:23])[H:24],25.02457793251091
[Cl:1][C@:5]([C:4]([H:3])([N:31]([H:32])[H:33])[N:41]([H:42])[H:43])([C:11]#[N:12])[N:21]([H:22])[H:23].[F-:2]>>[Cl-:1].[F:2][C@@:5]([C:4]([H:3])([N:31]([H:32])[H:33])[N:41]([H:42])[H:43])([C:11]#[N:12])[N:21]([H:22])[H:23],29.60130283764125
[Br-:2].[F:1][C@:5]([C:4]([H:3])([H:31])[C:41]([H:42])([H:43])[H:44])([C:11]([H:12])([H:13])[H:14])[H:21]>>[Br:2][C@@:5]([C:4]([H:3])([H:31])[C:41]([H:42])([H:43])[H:44])([C:11]([H:12])([H:13])[H:14])[H:21].[F-:1],49.32206815413926
[F:1][C@:5]([C:4]([H:3])([H:31])[N:41]([H:42])[H:43])([C:11]([H:12])([H:13])[H:14])[N:21]([H:22])[H:23].[H-:2]>>[F-:1].[H:2][C@@:5]([C:4]([H:3])([H:31])[N:41]([H:42])[H:43])([C:11]([H:12])([H:13])[H:14])[N:21]([H:22])[H:23],40.49144142149386
[F:1][C@:5]([C:4]([H:3])([N:31]([H:32])[H:33])[H:41])([C:11]#[N:12])[C:21]([H:22])([H:23])[H:24].[H-:2]>>[F-:1].[H:2][C@@:5]([C:4]([H:3])([N:31]([H:32])[H:33])[H:41])([C:11]#[N:12])[C:21]([H:22])([H:23])[H:24],10.489995091366351
[F-:2].[F:1][C@:5]([C@:4]([H:3])([C:31]#[N:32])[N:41]([H:42])[H:43])([N:11]([H:12])[H:13])[C:21]#[N:22]>>[F-:1].[F:2][C@@:5]([C@:4]([H:3])([C:31]#[N:32])[N:41]([H:42])[H:43])([N:11]([H:12])[H:13])[C:21]#[N:22],38.05513265823269
[Br-:2].[Cl:1][C@:5]([C:4]([H:3])([N:31]([H:32])[H:33])[N:41]([H:42])[H:43])([C:11]([H:12])([H:13])[H:14])[H:21]>>[Br:2][C@@:5]([C:4]([H:3])([N:31]([H:32])[H:33])[N:41]([H:42])[H:43])([C:11]([H:12])([H:13])[H:14])[H:21].[Cl-:1],37.27550099903103
[Cl:1][C@:5]([C@:4]([H:3])([C:31]#[N:32])[N:41]([H:42])[H:43])([C:11]([H:12])([H:13])[H:14])[N:21]([H:22])[H:23].[H-:2]>>[Cl-:1].[H:2][C@@:5]([C@:4]([H:3])([C:31]#[N:32])[N:41]([H:42])[H:43])([C:11]([H:12])([H:13])[H:14])[N:21]([H:22])[H:23],27.75711941276001
[Br:1][C@:5]([C@:4]([H:3])([C:31]#[N:32])[C:41]([H:42])([H:43])[H:44])([C:11]#[N:12])[N:21]([H:22])[H:23].[F-:2]>>[Br-:1].[F:2][C@@:5]([C@:4]([H:3])([C:31]#[N:32])[C:41]([H:42])([H:43])[H:44])([C:11]#[N:12])[N:21]([H:22])[H:23],13.440773101093669
[F-:2].[F:1][C@:5]([C@:4]([H:3])([C:31]#[N:32])[C:41]([H:42])([H:43])[H:44])([C:11]#[N:12])[N:21]([H:22])[H:23]>>[F-:1].[F:2][C@@:5]([C@:4]([H:3])([C:31]#[N:32])[C:41]([H:42])([H:43])[H:44])([C:11]#[N:12])[N:21]([H:22])[H:23],28.84047405422195
[Cl-:2].[F:1][C:5]([C@:4]([H:3])([N:31]([H:32])[H:33])[C:41]([H:42])([H:43])[H:44])([H:11])[H:21]>>[Cl:2][C:5]([C@:4]([H:3])([N:31]([H:32])[H:33])[C:41]([H:42])([H:43])[H:44])([H:11])[H:21].[F-:1],48.057157172024354
[F:1][C@:5]([C@:4]([H:3])([N:31]([H:32])[H:33])[C:41]#[N:42])([N:11]([H:12])[H:13])[H:21].[H-:2]>>[F-:1].[H:2][C:5]([C@:4]([H:3])([N:31]([H:32])[H:33])[C:41]#[N:42])([N:11]([H:12])[H:13])[H:21],27.59747811016577
[F-:2].[F:1][C:5]([C@:4]([H:3])([N:31]([H:32])[H:33])[C:41]#[N:42])([C:11]([H:12])([H:13])[H:14])[C:21]([H:22])([H:23])[H:24]>>[F-:1].[F:2][C:5]([C@:4]([H:3])([N:31]([H:32])[H:33])[C:41]#[N:42])([C:11]([H:12])([H:13])[H:14])[C:21]([H:22])([H:23])[H:24],40.70394304134491
[Cl-:2].[Cl:1][C@:5]([C:4]([H:3])([H:31])[C:41]#[N:42])([C:11]#[N:12])[C:21]([H:22])([H:23])[H:24]>>[Cl-:1].[Cl:2][C@@:5]([C:4]([H:3])([H:31])[C:41]#[N:42])([C:11]#[N:12])[C:21]([H:22])([H:23])[H:24],29.829146637965167
[F:1][C@:5]([C:4]([H:3])([C:31]([H:32])([H:33])[H:34])[C:41]([H:42])([H:43])[H:44])([N:11]([H:12])[H:13])[C:21]#[N:22].[H-:2]>>[F-:1].[H:2][C@@:5]([C:4]([H:3])([C:31]([H:32])([H:33])[H:34])[C:41]([H:42])([H:43])[H:44])([N:11]([H:12])[H:13])[C:21]#[N:22],21.063849485925505
[Br-:2].[Cl:1][C:5]([C:4]([H:3])([N+:31]([O-:32])[O:33])[H:41])([H:11])[H:21]>>[Br:2][C:5]([C:4]([H:3])([N+:31]([O-:32])[O:33])[H:41])([H:11])[H:21].[Cl-:1],27.57762070666679
[Cl-:2].[F:1][C@:5]([C@:4]([H:3])([N+:31]([O-:32])[O:33])[N:41]([H:42])[H:43])([H:11])[C:21]#[N:22]>>[Cl:2][C@@:5]([C@:4]([H:3])([N+:31]([O-:32])[O:33])[N:41]([H:42])[H:43])([H:11])[C:21]#[N:22].[F-:1],38.051493836429664
[Cl-:2].[F:1][C@:5]([C:4]([H:3])([N+:31]([O-:32])[O:33])[H:41])([H:11])[C:21]([H:22])([H:23])[H:24]>>[Cl:2][C@@:5]([C:4]([H:3])([N+:31]([O-:32])[O:33])[H:41])([H:11])[C:21]([H:22])([H:23])[H:24].[F-:1],40.31015787409451
[F-:2].[F:1][C:5]([C:4]([H:3])([N:31]([H:32])[H:33])[H:41])([C:11]([H:12])([H:13])[H:14])[C:21]([H:22])([H:23])[H:24]>>[F-:1].[F:2][C:5]([C:4]([H:3])([N:31]([H:32])[H:33])[H:41])([C:11]([H:12])([H:13])[H:14])[C:21]([H:22])([H:23])[H:24],37.793401639667145
[Cl-:2].[F:1][C@:5]([C:4]([H:3])([H:31])[N+:41]([O-:42])[O:43])([C:11]#[N:12])[C:21]([H:22])([H:23])[H:24]>>[Cl:2][C@@:5]([C:4]([H:3])([H:31])[N+:41]([O-:42])[O:43])([C:11]#[N:12])[C:21]([H:22])([H:23])[H:24].[F-:1],44.26735158098199
[Br:1][C@:5]([C:4]([H:3])([C:31]#[N:32])[H:41])([H:11])[C:21]#[N:22].[Cl-:2]>>[Br-:1].[Cl:2][C@@:5]([C:4]([H:3])([C:31]#[N:32])[H:41])([H:11])[C:21]#[N:22],14.380140081125466
[Br-:2].[F:1][C:5]([C:4]([H:3])([H:31])[H:41])([C:11]([H:12])([H:13])[H:14])[C:21]#[N:22]>>[Br:2][C:5]([C:4]([H:3])([H:31])[H:41])([C:11]([H:12])([H:13])[H:14])[C:21]#[N:22].[F-:1],43.10691559090925
[Br:1][C@:5]([C@:4]([H:3])([C:31]#[N:32])[N:41]([H:42])[H:43])([H:11])[N:21]([H:22])[H:23].[H-:2]>>[Br-:1].[H:2][C:5]([C@:4]([H:3])([C:31]#[N:32])[N:41]([H:42])[H:43])([H:11])[N:21]([H:22])[H:23],15.112429206790216
[Cl:1][C@:5]([C:4]([H:3])([H:31])[N+:41]([O-:42])[O:43])([N:11]([H:12])[H:13])[C:21]#[N:22].[H-:2]>>[Cl-:1].[H:2][C@@:5]([C:4]([H:3])([H:31])[N+:41]([O-:42])[O:43])([N:11]([H:12])[H:13])[C:21]#[N:22],6.227348724369862
[Cl-:2].[Cl:1][C@:5]([C:4]([H:3])([N:31]([H:32])[H:33])[H:41])([N+:11]([O-:12])[O:13])[H:21]>>[Cl-:1].[Cl:2][C@@:5]([C:4]([H:3])([N:31]([H:32])[H:33])[H:41])([N+:11]([O-:12])[O:13])[H:21],27.764762453275253
[Br:1][C@:5]([C:4]([H:3])([C:31]([H:32])([H:33])[H:34])[H:41])([N+:11]([O-:12])[O:13])[C:21]([H:22])([H:23])[H:24].[F-:2]>>[Br-:1].[F:2][C@@:5]([C:4]([H:3])([C:31]([H:32])([H:33])[H:34])[H:41])([N+:11]([O-:12])[O:13])[C:21]([H:22])([H:23])[H:24],8.183656840467531
[Cl:1][C:5]([C:4]([H:3])([H:31])[N:41]([H:42])[H:43])([C:11]([H:12])([H:13])[H:14])[C:21]([H:22])([H:23])[H:24].[F-:2]>>[Cl-:1].[F:2][C:5]([C:4]([H:3])([H:31])[N:41]([H:42])[H:43])([C:11]([H:12])([H:13])[H:14])[C:21]([H:22])([H:23])[H:24],26.96957485617259
[F-:2].[F:1][C@:5]([C@:4]([H:3])([N:31]([H:32])[H:33])[C:41]([H:42])([H:43])[H:44])([H:11])[C:21]#[N:22]>>[F-:1].[F:2][C@@:5]([C@:4]([H:3])([N:31]([H:32])[H:33])[C:41]([H:42])([H:43])[H:44])([H:11])[C:21]#[N:22],31.182854093311423
[F:1][C@:5]([C@:4]([H:3])([C:31]([H:32])([H:33])[H:34])[N+:41]([O-:42])[O:43])([C:11]([H:12])([H:13])[H:14])[N:21]([H:22])[H:23].[H-:2]>>[F-:1].[H:2][C@@:5]([C@:4]([H:3])([C:31]([H:32])([H:33])[H:34])[N+:41]([O-:42])[O:43])([C:11]([H:12])([H:13])[H:14])[N:21]([H:22])[H:23],29.01219142736415
[Cl:1][C@:5]([C:4]([H:3])([N:31]([H:32])[H:33])[H:41])([C:11]([H:12])([H:13])[H:14])[H:21].[F-:2]>>[Cl-:1].[F:2][C@@:5]([C:4]([H:3])([N:31]([H:32])[H:33])[H:41])([C:11]([H:12])([H:13])[H:14])[H:21],17.601193404511378
[Cl-:2].[F:1][C@:5]([C:4]([H:3])([H:31])[C:41]#[N:42])([N:11]([H:12])[H:13])[C:21]#[N:22]>>[Cl:2][C@@:5]([C:4]([H:3])([H:31])[C:41]#[N:42])([N:11]([H:12])[H:13])[C:21]#[N:22].[F-:1],48.1414535090974
[Cl:1][C:5]([C:4]([H:3])([H:31])[H:41])([N+:11]([O-:12])[O:13])[C:21]([H:22])([H:23])[H:24].[F-:2]>>[Cl-:1].[F:2][C:5]([C:4]([H:3])([H:31])[H:41])([N+:11]([O-:12])[O:13])[C:21]([H:22])([H:23])[H:24],6.484912198727608
[Cl:1][C@:5]([C@:4]([H:3])([N:31]([H:32])[H:33])[C:41]([H:42])([H:43])[H:44])([N+:11]([O-:12])[O:13])[H:21].[H-:2]>>[Cl-:1].[H:2][C:5]([C@:4]([H:3])([N:31]([H:32])[H:33])[C:41]([H:42])([H:43])[H:44])([N+:11]([O-:12])[O:13])[H:21],6.259389964238956
[F-:2].[F:1][C@:5]([C@:4]([H:3])([C:31]#[N:32])[N+:41]([O-:42])[O:43])([H:11])[N:21]([H:22])[H:23]>>[F-:1].[F:2][C@@:5]([C@:4]([H:3])([C:31]#[N:32])[N+:41]([O-:42])[O:43])([H:11])[N:21]([H:22])[H:23],35.8986565439
[Cl:1][C@:5]([C:4]([H:3])([H:31])[N+:41]([O-:42])[O:43])([H:11])[N:21]([H:22])[H:23].[F-:2]>>[Cl-:1].[F:2][C@@:5]([C:4]([H:3])([H:31])[N+:41]([O-:42])[O:43])([H:11])[N:21]([H:22])[H:23],19.47593827640702
[Br:1][C@:5]([C:4]([H:3])([H:31])[C:41]#[N:42])([N+:11]([O-:12])[O:13])[N:21]([H:22])[H:23].[Cl-:2]>>[Br-:1].[Cl:2][C@@:5]([C:4]([H:3])([H:31])[C:41]#[N:42])([N+:11]([O-:12])[O:13])[N:21]([H:22])[H:23],33.199482367882574
[Br:1][C@:5]([C:4]([H:3])([C:31]#[N:32])[H:41])([N+:11]([O-:12])[O:13])[H:21].[Cl-:2]>>[Br-:1].[Cl:2][C@@:5]([C:4]([H:3])([C:31]#[N:32])[H:41])([N+:11]([O-:12])[O:13])[H:21],18.919837870307404
[Cl-:2].[Cl:1][C:5]([C:4]([H:3])([H:31])[N:41]([H:42])[H:43])([C:11]#[N:12])[C:21]#[N:22]>>[Cl-:1].[Cl:2][C:5]([C:4]([H:3])([H:31])[N:41]([H:42])[H:43])([C:11]#[N:12])[C:21]#[N:22],21.09390221219375
[F-:2].[F:1][C@:5]([C:4]([H:3])([H:31])[H:41])([N+:11]([O-:12])[O:13])[N:21]([H:22])[H:23]>>[F-:1].[F:2][C@@:5]([C:4]([H:3])([H:31])[H:41])([N+:11]([O-:12])[O:13])[N:21]([H:22])[H:23],28.00818171151896
[Br-:2].[F:1][C@:5]([C:4]([H:3])([C:31]([H:32])([H:33])[H:34])[C:41]([H:42])([H:43])[H:44])([H:11])[C:21]#[N:22]>>[Br:2][C@@:5]([C:4]([H:3])([C:31]([H:32])([H:33])[H:34])[C:41]([H:42])([H:43])[H:44])([H:11])[C:21]#[N:22].[F-:1],40.57313279833669
[F:1][C:5]([C@:4]([H:3])([N+:31]([O-:32])[O:33])[N:41]([H:42])[H:43])([C:11]([H:12])([H:13])[H:14])[C:21]([H:22])([H:23])[H:24].[H-:2]>>[F-:1].[H:2][C:5]([C@:4]([H:3])([N+:31]([O-:32])[O:33])[N:41]([H:42])[H:43])([C:11]([H:12])([H:13])[H:14])[C:21]([H:22])([H:23])[H:24],31.684453886270425
[F-:2].[F:1][C@:5]([C:4]([H:3])([H:31])[N:41]([H:42])[H:43])([C:11]#[N:12])[N:21]([H:22])[H:23]>>[F-:1].[F:2][C@@:5]([C:4]([H:3])([H:31])[N:41]([H:42])[H:43])([C:11]#[N:12])[N:21]([H:22])[H:23],39.17511245622596
[Cl:1][C@:5]([C:4]([H:3])([H:31])[C:41]([H:42])([H:43])[H:44])([N+:11]([O-:12])[O:13])[H:21].[H-:2]>>[Cl-:1].[H:2][C:5]([C:4]([H:3])([H:31])[C:41]([H:42])([H:43])[H:44])([N+:11]([O-:12])[O:13])[H:21],0.585779025995468
[Cl-:2].[F:1][C@:5]([C:4]([H:3])([H:31])[N+:41]([O-:42])[O:43])([H:11])[C:21]([H:22])([H:23])[H:24]>>[Cl:2][C@@:5]([C:4]([H:3])([H:31])[N+:41]([O-:42])[O:43])([H:11])[C:21]([H:22])([H:23])[H:24].[F-:1],44.64280327715881
[Cl-:2].[F:1][C@:5]([C:4]([H:3])([H:31])[N+:41]([O-:42])[O:43])([C:11]#[N:12])[H:21]>>[Cl:2][C@@:5]([C:4]([H:3])([H:31])[N+:41]([O-:42])[O:43])([C:11]#[N:12])[H:21].[F-:1],40.870971589974005
[F-:2].[F:1][C@:5]([C:4]([H:3])([N:31]([H:32])[H:33])[N:41]([H:42])[H:43])([N+:11]([O-:12])[O:13])[N:21]([H:22])[H:23]>>[F-:1].[F:2][C@@:5]([C:4]([H:3])([N:31]([H:32])[H:33])[N:41]([H:42])[H:43])([N+:11]([O-:12])[O:13])[N:21]([H:22])[H:23],41.27471668011904
[Br:1][C@:5]([C@:4]([H:3])([C:31]#[N:32])[N:41]([H:42])[H:43])([N+:11]([O-:12])[O:13])[N:21]([H:22])[H:23].[H-:2]>>[Br-:1].[H:2][C@@:5]([C@:4]([H:3])([C:31]#[N:32])[N:41]([H:42])[H:43])([N+:11]([O-:12])[O:13])[N:21]([H:22])[H:23],8.240901621121537
[Br-:2].[Cl:1][C@:5]([C:4]([H:3])([N+:31]([O-:32])[O:33])[H:41])([H:11])[C:21]#[N:22]>>[Br:2][C@@:5]([C:4]([H:3])([N+:31]([O-:32])[O:33])[H:41])([H:11])[C:21]#[N:22].[Cl-:1],26.49983091411533
[F-:2].[F:1][C:5]([C@:4]([H:3])([C:31]([H:32])([H:33])[H:34])[C:41]#[N:42])([N:11]([H:12])[H:13])[N:21]([H:22])[H:23]>>[F-:1].[F:2][C:5]([C@:4]([H:3])([C:31]([H:32])([H:33])[H:34])[C:41]#[N:42])([N:11]([H:12])[H:13])[N:21]([H:22])[H:23],43.673261239948594
[Cl:1][C@:5]([C:4]([H:3])([C:31]#[N:32])[H:41])([N+:11]([O-:12])[O:13])[C:21]([H:22])([H:23])[H:24].[F-:2]>>[Cl-:1].[F:2][C@@:5]([C:4]([H:3])([C:31]#[N:32])[H:41])([N+:11]([O-:12])[O:13])[C:21]([H:22])([H:23])[H:24],8.317266334016615
[Cl-:2].[F:1][C@:5]([C@:4]([H:3])([N+:31]([O-:32])[O:33])[C:41]([H:42])([H:43])[H:44])([C:11]#[N:12])[H:21]>>[Cl:2][C@@:5]([C@:4]([H:3])([N+:31]([O-:32])[O:33])[C:41]([H:42])([H:43])[H:44])([C:11]#[N:12])[H:21].[F-:1],32.561392700421344
[Br:1][C@:5]([C:4]([H:3])([H:31])[C:41]#[N:42])([N+:11]([O-:12])[O:13])[H:21].[F-:2]>>[Br-:1].[F:2][C@@:5]([C:4]([H:3])([H:31])[C:41]#[N:42])([N+:11]([O-:12])[O:13])[H:21],10.631938871709751
[Br-:2].[Cl:1][C:5]([C:4]([H:3])([C:31]#[N:32])[C:41]#[N:42])([H:11])[H:21]>>[Br:2][C:5]([C:4]([H:3])([C:31]#[N:32])[C:41]#[N:42])([H:11])[H:21].[Cl-:1],33.19361791778114
[F:1][C:5]([C:4]([H:3])([H:31])[C:41]#[N:42])([C:11]([H:12])([H:13])[H:14])[C:21]([H:22])([H:23])[H:24].[H-:2]>>[F-:1].[H:2][C:5]([C:4]([H:3])([H:31])[C:41]#[N:42])([C:11]([H:12])([H:13])[H:14])[C:21]([H:22])([H:23])[H:24],29.294848865645065
[Cl:1][C@:5]([C:4]([H:3])([H:31])[N:41]([H:42])[H:43])([C:11]([H:12])([H:13])[H:14])[N:21]([H:22])[H:23].[H-:2]>>[Cl-:1].[H:2][C@@:5]([C:4]([H:3])([H:31])[N:41]([H:42])[H:43])([C:11]([H:12])([H:13])[H:14])[N:21]([H:22])[H:23],22.9256130847478
[Cl:1][C@:5]([C:4]([H:3])([N:31]([H:32])[H:33])[H:41])([C:11]#[N:12])[N:21]([H:22])[H:23].[F-:2]>>[Cl-:1].[F:2][C@@:5]([C:4]([H:3])([N:31]([H:32])[H:33])[H:41])([C:11]#[N:12])[N:21]([H:22])[H:23],15.914626702020588
[Cl:1][C:5]([C@:4]([H:3])([N+:31]([O-:32])[O:33])[C:41]#[N:42])([H:11])[H:21].[H-:2]>>[Cl-:1].[H:2][C:5]([C@:4]([H:3])([N+:31]([O-:32])[O:33])[C:41]#[N:42])([H:11])[H:21],4.377045213139148
[Br-:2].[Cl:1][C@:5]([C:4]([H:3])([H:31])[C:41]#[N:42])([H:11])[C:21]#[N:22]>>[Br:2][C@@:5]([C:4]([H:3])([H:31])[C:41]#[N:42])([H:11])[C:21]#[N:22].[Cl-:1],22.85620795239987
[F:1][C@:5]([C:4]([H:3])([H:31])[C:41]([H:42])([H:43])[H:44])([N:11]([H:12])[H:13])[H:21].[H-:2]>>[F-:1].[H:2][C:5]([C:4]([H:3])([H:31])[C:41]([H:42])([H:43])[H:44])([N:11]([H:12])[H:13])[H:21],28.283703539692656
[Br:1][C@:5]([C:4]([H:3])([N:31]([H:32])[H:33])[N:41]([H:42])[H:43])([N+:11]([O-:12])[O:13])[H:21].[F-:2]>>[Br-:1].[F:2][C@@:5]([C:4]([H:3])([N:31]([H:32])[H:33])[N:41]([H:42])[H:43])([N+:11]([O-:12])[O:13])[H:21],21.002075180913625
[Cl-:2].[Cl:1][C@:5]([C:4]([H:3])([N+:31]([O-:32])[O:33])[N+:41]([O-:42])[O:43])([N:11]([H:12])[H:13])[C:21]#[N:22]>>[Cl-:1].[Cl:2][C@@:5]([C:4]([H:3])([N+:31]([O-:32])[O:33])[N+:41]([O-:42])[O:43])([N:11]([H:12])[H:13])[C:21]#[N:22],37.841397973256726
[F:1][C@:5]([C@:4]([H:3])([N+:31]([O-:32])[O:33])[N:41]([H:42])[H:43])([N:11]([H:12])[H:13])[C:21]#[N:22].[H-:2]>>[F-:1].[H:2][C@@:5]([C@:4]([H:3])([N+:31]([O-:32])[O:33])[N:41]([H:42])[H:43])([N:11]([H:12])[H:13])[C:21]#[N:22],30.448073024543085
[F:1][C@:5]([C:4]([H:3])([N:31]([H:32])[H:33])[H:41])([N:11]([H:12])[H:13])[C:21]([H:22])([H:23])[H:24].[H-:2]>>[F-:1].[H:2][C@@:5]([C:4]([H:3])([N:31]([H:32])[H:33])[H:41])([N:11]([H:12])[H:13])[C:21]([H:22])([H:23])[H:24],38.59345795870637
[Br-:2].[Br:1][C@:5]([C@:4]([H:3])([C:31]#[N:32])[N:41]([H:42])[H:43])([C:11]#[N:12])[H:21]>>[Br-:1].[Br:2][C@@:5]([C@:4]([H:3])([C:31]#[N:32])[N:41]([H:42])[H:43])([C:11]#[N:12])[H:21],25.86782295267607
[F-:2].[F:1][C@:5]([C:4]([H:3])([H:31])[N+:41]([O-:42])[O:43])([N+:11]([O-:12])[O:13])[N:21]([H:22])[H:23]>>[F-:1].[F:2][C@@:5]([C:4]([H:3])([H:31])[N+:41]([O-:42])[O:43])([N+:11]([O-:12])[O:13])[N:21]([H:22])[H:23],27.816173117067983
[Cl-:2].[Cl:1][C:5]([C:4]([H:3])([C:31]([H:32])([H:33])[H:34])[C:41]([H:42])([H:43])[H:44])([C:11]#[N:12])[C:21]#[N:22]>>[Cl-:1].[Cl:2][C:5]([C:4]([H:3])([C:31]([H:32])([H:33])[H:34])[C:41]([H:42])([H:43])[H:44])([C:11]#[N:12])[C:21]#[N:22],17.191372459051333
[Cl-:2].[Cl:1][C@:5]([C@:4]([H:3])([C:31]([H:32])([H:33])[H:34])[N:41]([H:42])[H:43])([H:11])[C:21]#[N:22]>>[Cl-:1].[Cl:2][C@@:5]([C@:4]([H:3])([C:31]([H:32])([H:33])[H:34])[N:41]([H:42])[H:43])([H:11])[C:21]#[N:22],28.49372834743162
[Cl:1][C:5]([C:4]([H:3])([N+:31]([O-:32])[O:33])[H:41])([C:11]([H:12])([H:13])[H:14])[C:21]([H:22])([H:23])[H:24].[H-:2]>>[Cl-:1].[H:2][C:5]([C:4]([H:3])([N+:31]([O-:32])[O:33])[H:41])([C:11]([H:12])([H:13])[H:14])[C:21]([H:22])([H:23])[H:24],17.513812354756148
[Br:1][C@:5]([C@:4]([H:3])([N:31]([H:32])[H:33])[C:41]#[N:42])([C:11]#[N:12])[C:21]([H:22])([H:23])[H:24].[F-:2]>>[Br-:1].[F:2][C@@:5]([C@:4]([H:3])([N:31]([H:32])[H:33])[C:41]#[N:42])([C:11]#[N:12])[C:21]([H:22])([H:23])[H:24],21.43023899019748
[Cl-:2].[F:1][C@:5]([C@:4]([H:3])([C:31]([H:32])([H:33])[H:34])[C:41]#[N:42])([C:11]#[N:12])[N:21]([H:22])[H:23]>>[Cl:2][C@@:5]([C@:4]([H:3])([C:31]([H:32])([H:33])[H:34])[C:41]#[N:42])([C:11]#[N:12])[N:21]([H:22])[H:23].[F-:1],53.32582374869854
[Cl-:2].[Cl:1][C@:5]([C@:4]([H:3])([N:31]([H:32])[H:33])[C:41]#[N:42])([N+:11]([O-:12])[O:13])[C:21]#[N:22]>>[Cl-:1].[Cl:2][C@@:5]([C@:4]([H:3])([N:31]([H:32])[H:33])[C:41]#[N:42])([N+:11]([O-:12])[O:13])[C:21]#[N:22],24.44879516020204
[F-:2].[F:1][C@:5]([C@:4]([H:3])([C:31]#[N:32])[C:41]([H:42])([H:43])[H:44])([N:11]([H:12])[H:13])[H:21]>>[F-:1].[F:2][C@@:5]([C@:4]([H:3])([C:31]#[N:32])[C:41]([H:42])([H:43])[H:44])([N:11]([H:12])[H:13])[H:21],30.28295813019361
[Cl:1][C@:5]([C:4]([H:3])([N:31]([H:32])[H:33])[N:41]([H:42])[H:43])([N+:11]([O-:12])[O:13])[N:21]([H:22])[H:23].[H-:2]>>[Cl-:1].[H:2][C@@:5]([C:4]([H:3])([N:31]([H:32])[H:33])[N:41]([H:42])[H:43])([N+:11]([O-:12])[O:13])[N:21]([H:22])[H:23],19.18563197353
[F-:2].[F:1][C@:5]([C@:4]([H:3])([C:31]([H:32])([H:33])[H:34])[N:41]([H:42])[H:43])([H:11])[C:21]([H:22])([H:23])[H:24]>>[F-:1].[F:2][C@@:5]([C@:4]([H:3])([C:31]([H:32])([H:33])[H:34])[N:41]([H:42])[H:43])([H:11])[C:21]([H:22])([H:23])[H:24],36.602855412312906
[Br:1][C@:5]([C@:4]([H:3])([C:31]([H:32])([H:33])[H:34])[N:41]([H:42])[H:43])([C:11]([H:12])([H:13])[H:14])[H:21].[Cl-:2]>>[Br-:1].[Cl:2][C@@:5]([C@:4]([H:3])([C:31]([H:32])([H:33])[H:34])[N:41]([H:42])[H:43])([C:11]([H:12])([H:13])[H:14])[H:21],28.776786714992863
[Br:1][C:5]([C:4]([H:3])([C:31]([H:32])([H:33])[H:34])[H:41])([C:11]#[N:12])[C:21]#[N:22].[Cl-:2]>>[Br-:1].[Cl:2][C:5]([C:4]([H:3])([C:31]([H:32])([H:33])[H:34])[H:41])([C:11]#[N:12])[C:21]#[N:22],12.89983289455058
[F-:2].[F:1][C:5]([C@:4]([H:3])([C:31]([H:32])([H:33])[H:34])[C:41]#[N:42])([C:11]#[N:12])[C:21]#[N:22]>>[F-:1].[F:2][C:5]([C@:4]([H:3])([C:31]([H:32])([H:33])[H:34])[C:41]#[N:42])([C:11]#[N:12])[C:21]#[N:22],14.486108578790072
[Br-:2].[F:1][C@:5]([C:4]([H:3])([H:31])[C:41]#[N:42])([N:11]([H:12])[H:13])[H:21]>>[Br:2][C@@:5]([C:4]([H:3])([H:31])[C:41]#[N:42])([N:11]([H:12])[H:13])[H:21].[F-:1],52.95120149260882
[F-:2].[F:1][C@:5]([C:4]([H:3])([H:31])[C:41]([H:42])([H:43])[H:44])([H:11])[C:21]([H:22])([H:23])[H:24]>>[F-:1].[F:2][C@@:5]([C:4]([H:3])([H:31])[C:41]([H:42])([H:43])[H:44])([H:11])[C:21]([H:22])([H:23])[H:24],24.37378414468017
[Cl:1][C:5]([C:4]([H:3])([H:31])[H:41])([C:11]([H:12])([H:13])[H:14])[H:21].[F-:2]>>[Cl-:1].[F:2][C:5]([C:4]([H:3])([H:31])[H:41])([C:11]([H:12])([H:13])[H:14])[H:21],10.731097027872636
[Cl:1][C:5]([C:4]([H:3])([N:31]([H:32])[H:33])[H:41])([H:11])[H:21].[H-:2]>>[Cl-:1].[H:2][C:5]([C:4]([H:3])([N:31]([H:32])[H:33])[H:41])([H:11])[H:21],5.368476384099099
[Br:1][C@:5]([C:4]([H:3])([N:31]([H:32])[H:33])[N:41]([H:42])[H:43])([H:11])[C:21]#[N:22].[F-:2]>>[Br-:1].[F:2][C@@:5]([C:4]([H:3])([N:31]([H:32])[H:33])[N:41]([H:42])[H:43])([H:11])[C:21]#[N:22],27.657589483468183
[F-:2].[F:1][C@:5]([C@:4]([H:3])([C:31]#[N:32])[N:41]([H:42])[H:43])([C:11]([H:12])([H:13])[H:14])[N+:21]([O-:22])[O:23]>>[F-:1].[F:2][C@@:5]([C@:4]([H:3])([C:31]#[N:32])[N:41]([H:42])[H:43])([C:11]([H:12])([H:13])[H:14])[N+:21]([O-:22])[O:23],27.11385488407516
[F:1][C@:5]([C:4]([H:3])([H:31])[H:41])([N:11]([H:12])[H:13])[C:21]#[N:22].[H-:2]>>[F-:1].[H:2][C@@:5]([C:4]([H:3])([H:31])[H:41])([N:11]([H:12])[H:13])[C:21]#[N:22],23.54464604511167
[F:1][C@:5]([C@:4]([H:3])([C:31]([H:32])([H:33])[H:34])[C:41]#[N:42])([C:11]#[N:12])[N:21]([H:22])[H:23].[H-:2]>>[F-:1].[H:2][C@@:5]([C@:4]([H:3])([C:31]([H:32])([H:33])[H:34])[C:41]#[N:42])([C:11]#[N:12])[N:21]([H:22])[H:23],23.89372161844277
[F:1][C@:5]([C@:4]([H:3])([N+:31]([O-:32])[O:33])[N:41]([H:42])[H:43])([N+:11]([O-:12])[O:13])[N:21]([H:22])[H:23].[H-:2]>>[F-:1].[H:2][C@@:5]([C@:4]([H:3])([N+:31]([O-:32])[O:33])[N:41]([H:42])[H:43])([N+:11]([O-:12])[O:13])[N:21]([H:22])[H:23],24.14398348509297
[F:1][C@:5]([C@:4]([H:3])([C:31]([H:32])([H:33])[H:34])[C:41]#[N:42])([H:11])[N+:21]([O-:22])[O:23].[H-:2]>>[F-:1].[H:2][C:5]([C@:4]([H:3])([C:31]([H:32])([H:33])[H:34])[C:41]#[N:42])([H:11])[N+:21]([O-:22])[O:23],3.160846834862736
[Br:1][C@:5]([C:4]([H:3])([C:31]#[N:32])[C:41]#[N:42])([H:11])[N:21]([H:22])[H:23].[H-:2]>>[Br-:1].[H:2][C:5]([C:4]([H:3])([C:31]#[N:32])[C:41]#[N:42])([H:11])[N:21]([H:22])[H:23],10.496525036964584
[Br:1][C@:5]([C:4]([H:3])([C:31]#[N:32])[H:41])([C:11]#[N:12])[C:21]([H:22])([H:23])[H:24].[F-:2]>>[Br-:1].[F:2][C@@:5]([C:4]([H:3])([C:31]#[N:32])[H:41])([C:11]#[N:12])[C:21]([H:22])([H:23])[H:24],6.635084430176812
[Br:1][C@:5]([C@:4]([H:3])([N:31]([H:32])[H:33])[C:41]([H:42])([H:43])[H:44])([H:11])[N:21]([H:22])[H:23].[H-:2]>>[Br-:1].[H:2][C:5]([C@:4]([H:3])([N:31]([H:32])[H:33])[C:41]([H:42])([H:43])[H:44])([H:11])[N:21]([H:22])[H:23],12.852458821575055
[Cl-:2].[F:1][C@:5]([C@:4]([H:3])([N:31]([H:32])[H:33])[C:41]([H:42])([H:43])[H:44])([N:11]([H:12])[H:13])[C:21]#[N:22]>>[Cl:2][C@@:5]([C@:4]([H:3])([N:31]([H:32])[H:33])[C:41]([H:42])([H:43])[H:44])([N:11]([H:12])[H:13])[C:21]#[N:22].[F-:1],55.71188100461502
[Cl:1][C@:5]([C@:4]([H:3])([N+:31]([O-:32])[O:33])[N:41]([H:42])[H:43])([N:11]([H:12])[H:13])[H:21].[H-:2]>>[Cl-:1].[H:2][C:5]([C@:4]([H:3])([N+:31]([O-:32])[O:33])[N:41]([H:42])[H:43])([N:11]([H:12])[H:13])[H:21],15.071104882453389
[Br-:2].[F:1][C@:5]([C@:4]([H:3])([C:31]([H:32])([H:33])[H:34])[C:41]#[N:42])([N:11]([H:12])[H:13])[H:21]>>[Br:2][C@@:5]([C@:4]([H:3])([C:31]([H:32])([H:33])[H:34])[C:41]#[N:42])([N:11]([H:12])[H:13])[H:21].[F-:1],51.43846411945357
[Cl:1][C@:5]([C@:4]([H:3])([N+:31]([O-:32])[O:33])[N:41]([H:42])[H:43])([H:11])[N:21]([H:22])[H:23].[H-:2]>>[Cl-:1].[H:2][C:5]([C@:4]([H:3])([N+:31]([O-:32])[O:33])[N:41]([H:42])[H:43])([H:11])[N:21]([H:22])[H:23],22.10447785622703
[Br:1][C@:5]([C:4]([H:3])([C:31]#[N:32])[H:41])([C:11]([H:12])([H:13])[H:14])[C:21]#[N:22].[F-:2]>>[Br-:1].[F:2][C@@:5]([C:4]([H:3])([C:31]#[N:32])[H:41])([C:11]([H:12])([H:13])[H:14])[C:21]#[N:22],11.65584819793708
[Br-:2].[Br:1][C:5]([C@:4]([H:3])([N:31]([H:32])[H:33])[C:41]#[N:42])([H:11])[H:21]>>[Br-:1].[Br:2][C:5]([C@:4]([H:3])([N:31]([H:32])[H:33])[C:41]#[N:42])([H:11])[H:21],32.5188443682775
[Br:1][C@:5]([C@:4]([H:3])([N+:31]([O-:32])[O:33])[N:41]([H:42])[H:43])([H:11])[N+:21]([O-:22])[O:23].[Cl-:2]>>[Br-:1].[Cl:2][C@@:5]([C@:4]([H:3])([N+:31]([O-:32])[O:33])[N:41]([H:42])[H:43])([H:11])[N+:21]([O-:22])[O:23],26.963037251792056
[Br:1][C:5]([C:4]([H:3])([N:31]([H:32])[H:33])[N:41]([H:42])[H:43])([H:11])[H:21].[H-:2]>>[Br-:1].[H:2][C:5]([C:4]([H:3])([N:31]([H:32])[H:33])[N:41]([H:42])[H:43])([H:11])[H:21],17.750249584154574
[F-:2].[F:1][C@:5]([C:4]([H:3])([H:31])[N:41]([H:42])[H:43])([C:11]#[N:12])[C:21]([H:22])([H:23])[H:24]>>[F-:1].[F:2][C@@:5]([C:4]([H:3])([H:31])[N:41]([H:42])[H:43])([C:11]#[N:12])[C:21]([H:22])([H:23])[H:24],28.19640663059689
[Cl-:2].[F:1][C@:5]([C@:4]([H:3])([C:31]([H:32])([H:33])[H:34])[C:41]#[N:42])([H:11])[C:21]#[N:22]>>[Cl:2][C@@:5]([C@:4]([H:3])([C:31]([H:32])([H:33])[H:34])[C:41]#[N:42])([H:11])[C:21]#[N:22].[F-:1],37.63412557755648
[F-:2].[F:1][C:5]([C@:4]([H:3])([C:31]#[N:32])[N+:41]([O-:42])[O:43])([H:11])[H:21]>>[F-:1].[F:2][C:5]([C@:4]([H:3])([C:31]#[N:32])[N+:41]([O-:42])[O:43])([H:11])[H:21],16.725671960074312
[Cl:1][C@:5]([C@:4]([H:3])([N:31]([H:32])[H:33])[N+:41]([O-:42])[O:43])([N:11]([H:12])[H:13])[H:21].[H-:2]>>[Cl-:1].[H:2][C:5]([C@:4]([H:3])([N:31]([H:32])[H:33])[N+:41]([O-:42])[O:43])([N:11]([H:12])[H:13])[H:21],16.61902943009122
[F-:2].[F:1][C@:5]([C:4]([H:3])([C:31]([H:32])([H:33])[H:34])[H:41])([N+:11]([O-:12])[O:13])[C:21]#[N:22]>>[F-:1].[F:2][C@@:5]([C:4]([H:3])([C:31]([H:32])([H:33])[H:34])[H:41])([N+:11]([O-:12])[O:13])[C:21]#[N:22],14.412520910468874
[F-:2].[F:1][C:5]([C@:4]([H:3])([N+:31]([O-:32])[O:33])[N:41]([H:42])[H:43])([N:11]([H:12])[H:13])[N:21]([H:22])[H:23]>>[F-:1].[F:2][C:5]([C@:4]([H:3])([N+:31]([O-:32])[O:33])[N:41]([H:42])[H:43])([N:11]([H:12])[H:13])[N:21]([H:22])[H:23],50.34703237897118
[Cl-:2].[Cl:1][C:5]([C:4]([H:3])([H:31])[N+:41]([O-:42])[O:43])([C:11]#[N:12])[C:21]#[N:22]>>[Cl-:1].[Cl:2][C:5]([C:4]([H:3])([H:31])[N+:41]([O-:42])[O:43])([C:11]#[N:12])[C:21]#[N:22],18.64715917220837
[Cl-:2].[F:1][C@:5]([C:4]([H:3])([C:31]#[N:32])[H:41])([N+:11]([O-:12])[O:13])[N:21]([H:22])[H:23]>>[Cl:2][C@@:5]([C:4]([H:3])([C:31]#[N:32])[H:41])([N+:11]([O-:12])[O:13])[N:21]([H:22])[H:23].[F-:1],40.949556483416856
[F:1][C@:5]([C@:4]([H:3])([N+:31]([O-:32])[O:33])[N:41]([H:42])[H:43])([C:11]([H:12])([H:13])[H:14])[H:21].[H-:2]>>[F-:1].[H:2][C:5]([C@:4]([H:3])([N+:31]([O-:32])[O:33])[N:41]([H:42])[H:43])([C:11]([H:12])([H:13])[H:14])[H:21],21.967828865785407
[F-:2].[F:1][C:5]([C:4]([H:3])([C:31]#[N:32])[H:41])([N:11]([H:12])[H:13])[N:21]([H:22])[H:23]>>[F-:1].[F:2][C:5]([C:4]([H:3])([C:31]#[N:32])[H:41])([N:11]([H:12])[H:13])[N:21]([H:22])[H:23],43.843905517208015
[Cl:1][C@:5]([C@:4]([H:3])([C:31]([H:32])([H:33])[H:34])[N:41]([H:42])[H:43])([C:11]#[N:12])[N:21]([H:22])[H:23].[F-:2]>>[Cl-:1].[F:2][C@@:5]([C@:4]([H:3])([C:31]([H:32])([H:33])[H:34])[N:41]([H:42])[H:43])([C:11]#[N:12])[N:21]([H:22])[H:23],32.017470044867004
[Cl:1][C@:5]([C:4]([H:3])([N+:31]([O-:32])[O:33])[N+:41]([O-:42])[O:43])([H:11])[C:21]([H:22])([H:23])[H:24].[F-:2]>>[Cl-:1].[F:2][C@@:5]([C:4]([H:3])([N+:31]([O-:32])[O:33])[N+:41]([O-:42])[O:43])([H:11])[C:21]([H:22])([H:23])[H:24],3.882537230468269
[Br:1][C@:5]([C:4]([H:3])([C:31]#[N:32])[H:41])([C:11]([H:12])([H:13])[H:14])[H:21].[H-:2]>>[Br-:1].[H:2][C:5]([C:4]([H:3])([C:31]#[N:32])[H:41])([C:11]([H:12])([H:13])[H:14])[H:21],6.3609798525818135
[F-:2].[F:1][C@:5]([C:4]([H:3])([H:31])[H:41])([N+:11]([O-:12])[O:13])[C:21]#[N:22]>>[F-:1].[F:2][C@@:5]([C:4]([H:3])([H:31])[H:41])([N+:11]([O-:12])[O:13])[C:21]#[N:22],10.014570836375606
[Cl-:2].[Cl:1][C@:5]([C:4]([H:3])([H:31])[N:41]([H:42])[H:43])([H:11])[N+:21]([O-:22])[O:23]>>[Cl-:1].[Cl:2][C@@:5]([C:4]([H:3])([H:31])[N:41]([H:42])[H:43])([H:11])[N+:21]([O-:22])[O:23],26.53668761617704
[Br-:2].[Cl:1][C@:5]([C:4]([H:3])([C:31]#[N:32])[H:41])([H:11])[N+:21]([O-:22])[O:23]>>[Br:2][C@@:5]([C:4]([H:3])([C:31]#[N:32])[H:41])([H:11])[N+:21]([O-:22])[O:23].[Cl-:1],25.359124361320013
[F:1][C:5]([C:4]([H:3])([C:31]#[N:32])[H:41])([H:11])[H:21].[H-:2]>>[F-:1].[H:2][C:5]([C:4]([H:3])([C:31]#[N:32])[H:41])([H:11])[H:21],14.641166274254289
[Br:1][C:5]([C:4]([H:3])([H:31])[N:41]([H:42])[H:43])([H:11])[H:21].[H-:2]>>[Br-:1].[H:2][C:5]([C:4]([H:3])([H:31])[N:41]([H:42])[H:43])([H:11])[H:21],8.87237985513786
[Br-:2].[F:1][C@:5]([C:4]([H:3])([N+:31]([O-:32])[O:33])[H:41])([C:11]([H:12])([H:13])[H:14])[C:21]#[N:22]>>[Br:2][C@@:5]([C:4]([H:3])([N+:31]([O-:32])[O:33])[H:41])([C:11]([H:12])([H:13])[H:14])[C:21]#[N:22].[F-:1],44.50610234636935
[Br:1][C@:5]([C:4]([H:3])([N:31]([H:32])[H:33])[N:41]([H:42])[H:43])([N:11]([H:12])[H:13])[N+:21]([O-:22])[O:23].[F-:2]>>[Br-:1].[F:2][C@@:5]([C:4]([H:3])([N:31]([H:32])[H:33])[N:41]([H:42])[H:43])([N:11]([H:12])[H:13])[N+:21]([O-:22])[O:23],37.019255877674816
[Br:1][C@:5]([C@:4]([H:3])([N:31]([H:32])[H:33])[C:41]([H:42])([H:43])[H:44])([N:11]([H:12])[H:13])[H:21].[H-:2]>>[Br-:1].[H:2][C:5]([C@:4]([H:3])([N:31]([H:32])[H:33])[C:41]([H:42])([H:43])[H:44])([N:11]([H:12])[H:13])[H:21],17.665177468474358
[Cl:1][C@:5]([C@:4]([H:3])([N:31]([H:32])[H:33])[C:41]#[N:42])([N:11]([H:12])[H:13])[H:21].[H-:2]>>[Cl-:1].[H:2][C:5]([C@:4]([H:3])([N:31]([H:32])[H:33])[C:41]#[N:42])([N:11]([H:12])[H:13])[H:21],18.240287428877902
[Cl-:2].[Cl:1][C@:5]([C:4]([H:3])([N:31]([H:32])[H:33])[H:41])([C:11]([H:12])([H:13])[H:14])[H:21]>>[Cl-:1].[Cl:2][C@@:5]([C:4]([H:3])([N:31]([H:32])[H:33])[H:41])([C:11]([H:12])([H:13])[H:14])[H:21],29.470799279000047
[Br:1][C:5]([C:4]([H:3])([H:31])[C:41]([H:42])([H:43])[H:44])([C:11]([H:12])([H:13])[H:14])[C:21]([H:22])([H:23])[H:24].[F-:2]>>[Br-:1].[F:2][C:5]([C:4]([H:3])([H:31])[C:41]([H:42])([H:43])[H:44])([C:11]([H:12])([H:13])[H:14])[C:21]([H:22])([H:23])[H:24],16.811187406383812
[Cl:1][C@:5]([C:4]([H:3])([N:31]([H:32])[H:33])[H:41])([C:11]([H:12])([H:13])[H:14])[N:21]([H:22])[H:23].[F-:2]>>[Cl-:1].[F:2][C@@:5]([C:4]([H:3])([N:31]([H:32])[H:33])[H:41])([C:11]([H:12])([H:13])[H:14])[N:21]([H:22])[H:23],11.567055890738215
[F-:2].[F:1][C@:5]([C@:4]([H:3])([C:31]([H:32])([H:33])[H:34])[C:41]#[N:42])([N:11]([H:12])[H:13])[C:21]#[N:22]>>[F-:1].[F:2][C@@:5]([C@:4]([H:3])([C:31]([H:32])([H:33])[H:34])[C:41]#[N:42])([N:11]([H:12])[H:13])[C:21]#[N:22],28.799320198243493
[F-:2].[F:1][C@:5]([C:4]([H:3])([N:31]([H:32])[H:33])[H:41])([C:11]([H:12])([H:13])[H:14])[N+:21]([O-:22])[O:23]>>[F-:1].[F:2][C@@:5]([C:4]([H:3])([N:31]([H:32])[H:33])[H:41])([C:11]([H:12])([H:13])[H:14])[N+:21]([O-:22])[O:23],25.401875684129017
[Br:1][C@:5]([C:4]([H:3])([N:31]([H:32])[H:33])[H:41])([H:11])[N:21]([H:22])[H:23].[H-:2]>>[Br-:1].[H:2][C:5]([C:4]([H:3])([N:31]([H:32])[H:33])[H:41])([H:11])[N:21]([H:22])[H:23],8.108942340987046
[Br:1][C@:5]([C@:4]([H:3])([N:31]([H:32])[H:33])[C:41]([H:42])([H:43])[H:44])([C:11]#[N:12])[H:21].[Cl-:2]>>[Br-:1].[Cl:2][C@@:5]([C@:4]([H:3])([N:31]([H:32])[H:33])[C:41]([H:42])([H:43])[H:44])([C:11]#[N:12])[H:21],25.509508688154902
[Br:1][C@:5]([C@:4]([H:3])([N+:31]([O-:32])[O:33])[C:41]#[N:42])([N+:11]([O-:12])[O:13])[H:21].[F-:2]>>[Br-:1].[F:2][C@@:5]([C@:4]([H:3])([N+:31]([O-:32])[O:33])[C:41]#[N:42])([N+:11]([O-:12])[O:13])[H:21],8.178291918392002
[F:1][C@:5]([C:4]([H:3])([C:31]#[N:32])[H:41])([C:11]([H:12])([H:13])[H:14])[N:21]([H:22])[H:23].[H-:2]>>[F-:1].[H:2][C@@:5]([C:4]([H:3])([C:31]#[N:32])[H:41])([C:11]([H:12])([H:13])[H:14])[N:21]([H:22])[H:23],31.00960108560556
[Br:1][C@:5]([C:4]([H:3])([C:31]#[N:32])[H:41])([N:11]([H:12])[H:13])[N+:21]([O-:22])[O:23].[F-:2]>>[Br-:1].[F:2][C@@:5]([C:4]([H:3])([C:31]#[N:32])[H:41])([N:11]([H:12])[H:13])[N+:21]([O-:22])[O:23],15.31099648094449
[Br-:2].[Br:1][C@:5]([C:4]([H:3])([H:31])[N+:41]([O-:42])[O:43])([H:11])[C:21]([H:22])([H:23])[H:24]>>[Br-:1].[Br:2][C@@:5]([C:4]([H:3])([H:31])[N+:41]([O-:42])[O:43])([H:11])[C:21]([H:22])([H:23])[H:24],27.584756319198465
[F:1][C:5]([C:4]([H:3])([H:31])[C:41]([H:42])([H:43])[H:44])([H:11])[H:21].[H-:2]>>[F-:1].[H:2][C:5]([C:4]([H:3])([H:31])[C:41]([H:42])([H:43])[H:44])([H:11])[H:21],15.256512625779733
[Cl:1][C:5]([C:4]([H:3])([H:31])[N:41]([H:42])[H:43])([H:11])[H:21].[H-:2]>>[Cl-:1].[H:2][C:5]([C:4]([H:3])([H:31])[N:41]([H:42])[H:43])([H:11])[H:21],10.026360043093334
[Br:1][C@:5]([C:4]([H:3])([C:31]([H:32])([H:33])[H:34])[C:41]([H:42])([H:43])[H:44])([C:11]([H:12])([H:13])[H:14])[N:21]([H:22])[H:23].[H-:2]>>[Br-:1].[H:2][C@@:5]([C:4]([H:3])([C:31]([H:32])([H:33])[H:34])[C:41]([H:42])([H:43])[H:44])([C:11]([H:12])([H:13])[H:14])[N:21]([H:22])[H:23],22.857616072637114
[Cl:1][C@:5]([C@:4]([H:3])([C:31]([H:32])([H:33])[H:34])[C:41]#[N:42])([C:11]([H:12])([H:13])[H:14])[C:21]#[N:22].[F-:2]>>[Cl-:1].[F:2][C@@:5]([C@:4]([H:3])([C:31]([H:32])([H:33])[H:34])[C:41]#[N:42])([C:11]([H:12])([H:13])[H:14])[C:21]#[N:22],18.978864609144736
[Cl-:2].[F:1][C@:5]([C@:4]([H:3])([N+:31]([O-:32])[O:33])[C:41]([H:42])([H:43])[H:44])([N:11]([H:12])[H:13])[C:21]([H:22])([H:23])[H:24]>>[Cl:2][C@@:5]([C@:4]([H:3])([N+:31]([O-:32])[O:33])[C:41]([H:42])([H:43])[H:44])([N:11]([H:12])[H:13])[C:21]([H:22])([H:23])[H:24].[F-:1],53.391712819403445
[Cl:1][C@:5]([C@:4]([H:3])([N+:31]([O-:32])[O:33])[C:41]#[N:42])([C:11]#[N:12])[H:21].[F-:2]>>[Cl-:1].[F:2][C@@:5]([C@:4]([H:3])([N+:31]([O-:32])[O:33])[C:41]#[N:42])([C:11]#[N:12])[H:21],3.08824795771546
[F-:2].[F:1][C@:5]([C:4]([H:3])([N:31]([H:32])[H:33])[H:41])([C:11]#[N:12])[N:21]([H:22])[H:23]>>[F-:1].[F:2][C@@:5]([C:4]([H:3])([N:31]([H:32])[H:33])[H:41])([C:11]#[N:12])[N:21]([H:22])[H:23],26.35611736376857
[F-:2].[F:1][C@:5]([C:4]([H:3])([C:31]([H:32])([H:33])[H:34])[H:41])([C:11]([H:12])([H:13])[H:14])[H:21]>>[F-:1].[F:2][C@@:5]([C:4]([H:3])([C:31]([H:32])([H:33])[H:34])[H:41])([C:11]([H:12])([H:13])[H:14])[H:21],24.984781005291328
[F-:2].[F:1][C@:5]([C@:4]([H:3])([C:31]([H:32])([H:33])[H:34])[C:41]#[N:42])([N:11]([H:12])[H:13])[N+:21]([O-:22])[O:23]>>[F-:1].[F:2][C@@:5]([C@:4]([H:3])([C:31]([H:32])([H:33])[H:34])[C:41]#[N:42])([N:11]([H:12])[H:13])[N+:21]([O-:22])[O:23],23.128951612755948
[Cl:1][C@:5]([C@:4]([H:3])([C:31]([H:32])([H:33])[H:34])[C:41]#[N:42])([N:11]([H:12])[H:13])[N+:21]([O-:22])[O:23].[F-:2]>>[Cl-:1].[F:2][C@@:5]([C@:4]([H:3])([C:31]([H:32])([H:33])[H:34])[C:41]#[N:42])([N:11]([H:12])[H:13])[N+:21]([O-:22])[O:23],16.41968354317017
[Br:1][C:5]([C:4]([H:3])([N:31]([H:32])[H:33])[H:41])([C:11]#[N:12])[C:21]#[N:22].[Cl-:2]>>[Br-:1].[Cl:2][C:5]([C:4]([H:3])([N:31]([H:32])[H:33])[H:41])([C:11]#[N:12])[C:21]#[N:22],20.36543136357613
[Cl:1][C@:5]([C@:4]([H:3])([N:31]([H:32])[H:33])[C:41]([H:42])([H:43])[H:44])([C:11]([H:12])([H:13])[H:14])[H:21].[F-:2]>>[Cl-:1].[F:2][C@@:5]([C@:4]([H:3])([N:31]([H:32])[H:33])[C:41]([H:42])([H:43])[H:44])([C:11]([H:12])([H:13])[H:14])[H:21],24.94709203907705
[Cl-:2].[F:1][C@:5]([C:4]([H:3])([N:31]([H:32])[H:33])[H:41])([C:11]#[N:12])[N:21]([H:22])[H:23]>>[Cl:2][C@@:5]([C:4]([H:3])([N:31]([H:32])[H:33])[H:41])([C:11]#[N:12])[N:21]([H:22])[H:23].[F-:1],41.53668711693791
[Cl-:2].[Cl:1][C@:5]([C:4]([H:3])([H:31])[N:41]([H:42])[H:43])([N+:11]([O-:12])[O:13])[H:21]>>[Cl-:1].[Cl:2][C@@:5]([C:4]([H:3])([H:31])[N:41]([H:42])[H:43])([N+:11]([O-:12])[O:13])[H:21],36.40534119574892
[F-:2].[F:1][C@:5]([C@:4]([H:3])([N:31]([H:32])[H:33])[N+:41]([O-:42])[O:43])([C:11]#[N:12])[N:21]([H:22])[H:23]>>[F-:1].[F:2][C@@:5]([C@:4]([H:3])([N:31]([H:32])[H:33])[N+:41]([O-:42])[O:43])([C:11]#[N:12])[N:21]([H:22])[H:23],35.10422656612846
[Cl-:2].[F:1][C@:5]([C:4]([H:3])([H:31])[C:41]([H:42])([H:43])[H:44])([N+:11]([O-:12])[O:13])[N:21]([H:22])[H:23]>>[Cl:2][C@@:5]([C:4]([H:3])([H:31])[C:41]([H:42])([H:43])[H:44])([N+:11]([O-:12])[O:13])[N:21]([H:22])[H:23].[F-:1],54.66733599150264
[Br:1][C:5]([C@:4]([H:3])([C:31]#[N:32])[N:41]([H:42])[H:43])([H:11])[H:21].[Cl-:2]>>[Br-:1].[Cl:2][C:5]([C@:4]([H:3])([C:31]#[N:32])[N:41]([H:42])[H:43])([H:11])[H:21],22.038172905669622
[Br:1][C@:5]([C:4]([H:3])([C:31]([H:32])([H:33])[H:34])[H:41])([C:11]([H:12])([H:13])[H:14])[H:21].[Cl-:2]>>[Br-:1].[Cl:2][C@@:5]([C:4]([H:3])([C:31]([H:32])([H:33])[H:34])[H:41])([C:11]([H:12])([H:13])[H:14])[H:21],21.65786487885593
[Br:1][C:5]([C:4]([H:3])([N+:31]([O-:32])[O:33])[H:41])([H:11])[H:21].[F-:2]>>[Br-:1].[F:2][C:5]([C:4]([H:3])([N+:31]([O-:32])[O:33])[H:41])([H:11])[H:21],9.57504594020752
[Br:1][C@:5]([C@:4]([H:3])([C:31]([H:32])([H:33])[H:34])[C:41]#[N:42])([N+:11]([O-:12])[O:13])[C:21]([H:22])([H:23])[H:24].[F-:2]>>[Br-:1].[F:2][C@@:5]([C@:4]([H:3])([C:31]([H:32])([H:33])[H:34])[C:41]#[N:42])([N+:11]([O-:12])[O:13])[C:21]([H:22])([H:23])[H:24],15.742434312535757
[Br-:2].[F:1][C:5]([C@:4]([H:3])([N+:31]([O-:32])[O:33])[C:41]([H:42])([H:43])[H:44])([C:11]([H:12])([H:13])[H:14])[C:21]([H:22])([H:23])[H:24]>>[Br:2][C:5]([C@:4]([H:3])([N+:31]([O-:32])[O:33])[C:41]([H:42])([H:43])[H:44])([C:11]([H:12])([H:13])[H:14])[C:21]([H:22])([H:23])[H:24].[F-:1],59.93516337121477
[Br-:2].[Cl:1][C@:5]([C:4]([H:3])([H:31])[N:41]([H:42])[H:43])([N+:11]([O-:12])[O:13])[H:21]>>[Br:2][C@@:5]([C:4]([H:3])([H:31])[N:41]([H:42])[H:43])([N+:11]([O-:12])[O:13])[H:21].[Cl-:1],37.85119532751595
[Cl:1][C:5]([C:4]([H:3])([N:31]([H:32])[H:33])[N:41]([H:42])[H:43])([C:11]#[N:12])[C:21]#[N:22].[F-:2]>>[Cl-:1].[F:2][C:5]([C:4]([H:3])([N:31]([H:32])[H:33])[N:41]([H:42])[H:43])([C:11]#[N:12])[C:21]#[N:22],22.38900593889207
[Cl-:2].[F:1][C@:5]([C@:4]([H:3])([C:31]([H:32])([H:33])[H:34])[C:41]#[N:42])([C:11]#[N:12])[H:21]>>[Cl:2][C@@:5]([C@:4]([H:3])([C:31]([H:32])([H:33])[H:34])[C:41]#[N:42])([C:11]#[N:12])[H:21].[F-:1],39.26520172641163
[Cl-:2].[F:1][C@:5]([C:4]([H:3])([H:31])[H:41])([N:11]([H:12])[H:13])[C:21]#[N:22]>>[Cl:2][C@@:5]([C:4]([H:3])([H:31])[H:41])([N:11]([H:12])[H:13])[C:21]#[N:22].[F-:1],49.79324840300394
[F:1][C@:5]([C:4]([H:3])([N:31]([H:32])[H:33])[N:41]([H:42])[H:43])([C:11]#[N:12])[H:21].[H-:2]>>[F-:1].[H:2][C:5]([C:4]([H:3])([N:31]([H:32])[H:33])[N:41]([H:42])[H:43])([C:11]#[N:12])[H:21],22.78002727864727
[Cl:1][C@:5]([C@:4]([H:3])([C:31]#[N:32])[N:41]([H:42])[H:43])([C:11]#[N:12])[H:21].[F-:2]>>[Cl-:1].[F:2][C@@:5]([C@:4]([H:3])([C:31]#[N:32])[N:41]([H:42])[H:43])([C:11]#[N:12])[H:21],16.354717983029765
[Br:1][C@:5]([C:4]([H:3])([C:31]#[N:32])[C:41]#[N:42])([C:11]([H:12])([H:13])[H:14])[N:21]([H:22])[H:23].[F-:2]>>[Br-:1].[F:2][C@@:5]([C:4]([H:3])([C:31]#[N:32])[C:41]#[N:42])([C:11]([H:12])([H:13])[H:14])[N:21]([H:22])[H:23],28.344557115381622
[F:1][C@:5]([C:4]([H:3])([N+:31]([O-:32])[O:33])[H:41])([N+:11]([O-:12])[O:13])[H:21].[H-:2]>>[F-:1].[H:2][C:5]([C:4]([H:3])([N+:31]([O-:32])[O:33])[H:41])([N+:11]([O-:12])[O:13])[H:21],0.8879238896414916
[Cl:1][C:5]([C@:4]([H:3])([N+:31]([O-:32])[O:33])[C:41]#[N:42])([N:11]([H:12])[H:13])[N:21]([H:22])[H:23].[F-:2]>>[Cl-:1].[F:2][C:5]([C@:4]([H:3])([N+:31]([O-:32])[O:33])[C:41]#[N:42])([N:11]([H:12])[H:13])[N:21]([H:22])[H:23],35.0252975200382
[Cl-:2].[F:1][C@:5]([C:4]([H:3])([H:31])[C:41]#[N:42])([C:11]#[N:12])[N:21]([H:22])[H:23]>>[Cl:2][C@@:5]([C:4]([H:3])([H:31])[C:41]#[N:42])([C:11]#[N:12])[N:21]([H:22])[H:23].[F-:1],49.49286244839861
[Cl-:2].[F:1][C@:5]([C@:4]([H:3])([N+:31]([O-:32])[O:33])[C:41]#[N:42])([N+:11]([O-:12])[O:13])[H:21]>>[Cl:2][C@@:5]([C@:4]([H:3])([N+:31]([O-:32])[O:33])[C:41]#[N:42])([N+:11]([O-:12])[O:13])[H:21].[F-:1],29.84782115925986
[Cl-:2].[Cl:1][C@:5]([C@:4]([H:3])([C:31]#[N:32])[N+:41]([O-:42])[O:43])([H:11])[C:21]([H:22])([H:23])[H:24]>>[Cl-:1].[Cl:2][C@@:5]([C@:4]([H:3])([C:31]#[N:32])[N+:41]([O-:42])[O:43])([H:11])[C:21]([H:22])([H:23])[H:24],25.89080822293364
[Br:1][C:5]([C:4]([H:3])([N:31]([H:32])[H:33])[N:41]([H:42])[H:43])([C:11]([H:12])([H:13])[H:14])[C:21]([H:22])([H:23])[H:24].[F-:2]>>[Br-:1].[F:2][C:5]([C:4]([H:3])([N:31]([H:32])[H:33])[N:41]([H:42])[H:43])([C:11]([H:12])([H:13])[H:14])[C:21]([H:22])([H:23])[H:24],25.48587693486801
[F-:2].[F:1][C:5]([C@:4]([H:3])([N:31]([H:32])[H:33])[N+:41]([O-:42])[O:43])([H:11])[H:21]>>[F-:1].[F:2][C:5]([C@:4]([H:3])([N:31]([H:32])[H:33])[N+:41]([O-:42])[O:43])([H:11])[H:21],29.533369130996768
[Cl:1][C@:5]([C@:4]([H:3])([C:31]([H:32])([H:33])[H:34])[C:41]#[N:42])([N+:11]([O-:12])[O:13])[N:21]([H:22])[H:23].[F-:2]>>[Cl-:1].[F:2][C@@:5]([C@:4]([H:3])([C:31]([H:32])([H:33])[H:34])[C:41]#[N:42])([N+:11]([O-:12])[O:13])[N:21]([H:22])[H:23],26.274930518121145
[Br-:2].[F:1][C@:5]([C:4]([H:3])([N:31]([H:32])[H:33])[N:41]([H:42])[H:43])([C:11]([H:12])([H:13])[H:14])[H:21]>>[Br:2][C@@:5]([C:4]([H:3])([N:31]([H:32])[H:33])[N:41]([H:42])[H:43])([C:11]([H:12])([H:13])[H:14])[H:21].[F-:1],50.74062519995266
[Cl-:2].[F:1][C@:5]([C@:4]([H:3])([C:31]#[N:32])[C:41]([H:42])([H:43])[H:44])([N:11]([H:12])[H:13])[H:21]>>[Cl:2][C@@:5]([C@:4]([H:3])([C:31]#[N:32])[C:41]([H:42])([H:43])[H:44])([N:11]([H:12])[H:13])[H:21].[F-:1],48.04587193434964
[Cl:1][C@:5]([C@:4]([H:3])([C:31]#[N:32])[C:41]([H:42])([H:43])[H:44])([C:11]#[N:12])[H:21].[F-:2]>>[Cl-:1].[F:2][C@@:5]([C@:4]([H:3])([C:31]#[N:32])[C:41]([H:42])([H:43])[H:44])([C:11]#[N:12])[H:21],10.319307261938317
[Cl:1][C@:5]([C@:4]([H:3])([N:31]([H:32])[H:33])[C:41]#[N:42])([C:11]#[N:12])[H:21].[H-:2]>>[Cl-:1].[H:2][C:5]([C@:4]([H:3])([N:31]([H:32])[H:33])[C:41]#[N:42])([C:11]#[N:12])[H:21],9.47535210142658
[F:1][C@:5]([C:4]([H:3])([C:31]([H:32])([H:33])[H:34])[H:41])([C:11]#[N:12])[N:21]([H:22])[H:23].[H-:2]>>[F-:1].[H:2][C@@:5]([C:4]([H:3])([C:31]([H:32])([H:33])[H:34])[H:41])([C:11]#[N:12])[N:21]([H:22])[H:23],21.494473099086765
[Cl:1][C@:5]([C@:4]([H:3])([N:31]([H:32])[H:33])[N+:41]([O-:42])[O:43])([C:11]([H:12])([H:13])[H:14])[H:21].[H-:2]>>[Cl-:1].[H:2][C:5]([C@:4]([H:3])([N:31]([H:32])[H:33])[N+:41]([O-:42])[O:43])([C:11]([H:12])([H:13])[H:14])[H:21],12.972333109887565
[Cl:1][C@:5]([C:4]([H:3])([N:31]([H:32])[H:33])[H:41])([C:11]#[N:12])[H:21].[F-:2]>>[Cl-:1].[F:2][C@@:5]([C:4]([H:3])([N:31]([H:32])[H:33])[H:41])([C:11]#[N:12])[H:21],14.538581141980991
[F-:2].[F:1][C:5]([C@:4]([H:3])([C:31]([H:32])([H:33])[H:34])[N:41]([H:42])[H:43])([C:11]#[N:12])[C:21]#[N:22]>>[F-:1].[F:2][C:5]([C@:4]([H:3])([C:31]([H:32])([H:33])[H:34])[N:41]([H:42])[H:43])([C:11]#[N:12])[C:21]#[N:22],20.14323334668393
[Cl:1][C@:5]([C@:4]([H:3])([C:31]([H:32])([H:33])[H:34])[N:41]([H:42])[H:43])([C:11]([H:12])([H:13])[H:14])[N+:21]([O-:22])[O:23].[F-:2]>>[Cl-:1].[F:2][C@@:5]([C@:4]([H:3])([C:31]([H:32])([H:33])[H:34])[N:41]([H:42])[H:43])([C:11]([H:12])([H:13])[H:14])[N+:21]([O-:22])[O:23],28.281604157890488
[Br-:2].[F:1][C@:5]([C:4]([H:3])([H:31])[N:41]([H:42])[H:43])([C:11]#[N:12])[N:21]([H:22])[H:23]>>[Br:2][C@@:5]([C:4]([H:3])([H:31])[N:41]([H:42])[H:43])([C:11]#[N:12])[N:21]([H:22])[H:23].[F-:1],55.82691839728406
[Cl-:2].[Cl:1][C:5]([C@:4]([H:3])([N:31]([H:32])[H:33])[C:41]#[N:42])([C:11]([H:12])([H:13])[H:14])[C:21]([H:22])([H:23])[H:24]>>[Cl-:1].[Cl:2][C:5]([C@:4]([H:3])([N:31]([H:32])[H:33])[C:41]#[N:42])([C:11]([H:12])([H:13])[H:14])[C:21]([H:22])([H:23])[H:24],44.369916008743495
[Cl-:2].[Cl:1][C@:5]([C:4]([H:3])([H:31])[N+:41]([O-:42])[O:43])([C:11]([H:12])([H:13])[H:14])[C:21]#[N:22]>>[Cl-:1].[Cl:2][C@@:5]([C:4]([H:3])([H:31])[N+:41]([O-:42])[O:43])([C:11]([H:12])([H:13])[H:14])[C:21]#[N:22],29.67442901347861
[Br-:2].[F:1][C@:5]([C:4]([H:3])([H:31])[C:41]([H:42])([H:43])[H:44])([H:11])[C:21]([H:22])([H:23])[H:24]>>[Br:2][C@@:5]([C:4]([H:3])([H:31])[C:41]([H:42])([H:43])[H:44])([H:11])[C:21]([H:22])([H:23])[H:24].[F-:1],47.61456949751565
[F:1][C@:5]([C:4]([H:3])([N:31]([H:32])[H:33])[N:41]([H:42])[H:43])([H:11])[N+:21]([O-:22])[O:23].[H-:2]>>[F-:1].[H:2][C:5]([C:4]([H:3])([N:31]([H:32])[H:33])[N:41]([H:42])[H:43])([H:11])[N+:21]([O-:22])[O:23],8.035182503393253
[Br-:2].[Cl:1][C@:5]([C:4]([H:3])([C:31]#[N:32])[H:41])([C:11]([H:12])([H:13])[H:14])[C:21]#[N:22]>>[Br:2][C@@:5]([C:4]([H:3])([C:31]#[N:32])[H:41])([C:11]([H:12])([H:13])[H:14])[C:21]#[N:22].[Cl-:1],33.195291957147084
[Br-:2].[F:1][C@:5]([C@:4]([H:3])([N:31]([H:32])[H:33])[C:41]([H:42])([H:43])[H:44])([N:11]([H:12])[H:13])[H:21]>>[Br:2][C@@:5]([C@:4]([H:3])([N:31]([H:32])[H:33])[C:41]([H:42])([H:43])[H:44])([N:11]([H:12])[H:13])[H:21].[F-:1],57.11426214991637
[Cl:1][C@:5]([C:4]([H:3])([H:31])[C:41]([H:42])([H:43])[H:44])([N:11]([H:12])[H:13])[H:21].[F-:2]>>[Cl-:1].[F:2][C@@:5]([C:4]([H:3])([H:31])[C:41]([H:42])([H:43])[H:44])([N:11]([H:12])[H:13])[H:21],7.980793273555037
[Br-:2].[Br:1][C@:5]([C@:4]([H:3])([C:31]([H:32])([H:33])[H:34])[C:41]#[N:42])([C:11]#[N:12])[H:21]>>[Br-:1].[Br:2][C@@:5]([C@:4]([H:3])([C:31]([H:32])([H:33])[H:34])[C:41]#[N:42])([C:11]#[N:12])[H:21],25.66471304642741
[Cl:1][C@:5]([C@:4]([H:3])([N:31]([H:32])[H:33])[C:41]#[N:42])([H:11])[C:21]([H:22])([H:23])[H:24].[F-:2]>>[Cl-:1].[F:2][C@@:5]([C@:4]([H:3])([N:31]([H:32])[H:33])[C:41]#[N:42])([H:11])[C:21]([H:22])([H:23])[H:24],14.6393831113905
[F-:2].[F:1][C:5]([C:4]([H:3])([C:31]#[N:32])[C:41]#[N:42])([H:11])[H:21]>>[F-:1].[F:2][C:5]([C:4]([H:3])([C:31]#[N:32])[C:41]#[N:42])([H:11])[H:21],14.256267013321528
[Br-:2].[Cl:1][C@:5]([C:4]([H:3])([C:31]#[N:32])[C:41]#[N:42])([H:11])[C:21]([H:22])([H:23])[H:24]>>[Br:2][C@@:5]([C:4]([H:3])([C:31]#[N:32])[C:41]#[N:42])([H:11])[C:21]([H:22])([H:23])[H:24].[Cl-:1],34.01859932214293
[F-:2].[F:1][C@:5]([C@:4]([H:3])([N:31]([H:32])[H:33])[C:41]#[N:42])([C:11]([H:12])([H:13])[H:14])[C:21]#[N:22]>>[F-:1].[F:2][C@@:5]([C@:4]([H:3])([N:31]([H:32])[H:33])[C:41]#[N:42])([C:11]([H:12])([H:13])[H:14])[C:21]#[N:22],27.6012705170105
[Cl:1][C@:5]([C:4]([H:3])([C:31]([H:32])([H:33])[H:34])[C:41]([H:42])([H:43])[H:44])([H:11])[N:21]([H:22])[H:23].[F-:2]>>[Cl-:1].[F:2][C@@:5]([C:4]([H:3])([C:31]([H:32])([H:33])[H:34])[C:41]([H:42])([H:43])[H:44])([H:11])[N:21]([H:22])[H:23],19.905016173354262
[Cl:1][C@:5]([C@:4]([H:3])([C:31]([H:32])([H:33])[H:34])[N+:41]([O-:42])[O:43])([H:11])[N:21]([H:22])[H:23].[H-:2]>>[Cl-:1].[H:2][C:5]([C@:4]([H:3])([C:31]([H:32])([H:33])[H:34])[N+:41]([O-:42])[O:43])([H:11])[N:21]([H:22])[H:23],16.568500326587664
[Cl:1][C@:5]([C:4]([H:3])([C:31]#[N:32])[H:41])([C:11]([H:12])([H:13])[H:14])[H:21].[F-:2]>>[Cl-:1].[F:2][C@@:5]([C:4]([H:3])([C:31]#[N:32])[H:41])([C:11]([H:12])([H:13])[H:14])[H:21],14.536246802384534
[Br-:2].[Br:1][C:5]([C:4]([H:3])([C:31]#[N:32])[H:41])([C:11]([H:12])([H:13])[H:14])[C:21]([H:22])([H:23])[H:24]>>[Br-:1].[Br:2][C:5]([C:4]([H:3])([C:31]#[N:32])[H:41])([C:11]([H:12])([H:13])[H:14])[C:21]([H:22])([H:23])[H:24],33.410337794832714
[F:1][C@:5]([C@:4]([H:3])([N+:31]([O-:32])[O:33])[N:41]([H:42])[H:43])([C:11]#[N:12])[N:21]([H:22])[H:23].[H-:2]>>[F-:1].[H:2][C@@:5]([C@:4]([H:3])([N+:31]([O-:32])[O:33])[N:41]([H:42])[H:43])([C:11]#[N:12])[N:21]([H:22])[H:23],24.38046051374188
[Br:1][C@:5]([C:4]([H:3])([H:31])[N+:41]([O-:42])[O:43])([N+:11]([O-:12])[O:13])[H:21].[Cl-:2]>>[Br-:1].[Cl:2][C@@:5]([C:4]([H:3])([H:31])[N+:41]([O-:42])[O:43])([N+:11]([O-:12])[O:13])[H:21],26.08968964847044
[Cl:1][C@:5]([C:4]([H:3])([C:31]#[N:32])[H:41])([N:11]([H:12])[H:13])[C:21]#[N:22].[H-:2]>>[Cl-:1].[H:2][C@@:5]([C:4]([H:3])([C:31]#[N:32])[H:41])([N:11]([H:12])[H:13])[C:21]#[N:22],7.226757079287114
[Cl-:2].[F:1][C@:5]([C@:4]([H:3])([N+:31]([O-:32])[O:33])[N:41]([H:42])[H:43])([N+:11]([O-:12])[O:13])[H:21]>>[Cl:2][C@@:5]([C@:4]([H:3])([N+:31]([O-:32])[O:33])[N:41]([H:42])[H:43])([N+:11]([O-:12])[O:13])[H:21].[F-:1],42.70671757410601
[Br-:2].[Br:1][C:5]([C@:4]([H:3])([C:31]#[N:32])[N+:41]([O-:42])[O:43])([H:11])[H:21]>>[Br-:1].[Br:2][C:5]([C@:4]([H:3])([C:31]#[N:32])[N+:41]([O-:42])[O:43])([H:11])[H:21],28.3585947788177
[Cl-:2].[F:1][C:5]([C:4]([H:3])([H:31])[C:41]#[N:42])([C:11]([H:12])([H:13])[H:14])[C:21]([H:22])([H:23])[H:24]>>[Cl:2][C:5]([C:4]([H:3])([H:31])[C:41]#[N:42])([C:11]([H:12])([H:13])[H:14])[C:21]([H:22])([H:23])[H:24].[F-:1],50.44328330959004
[F-:2].[F:1][C:5]([C:4]([H:3])([C:31]#[N:32])[C:41]#[N:42])([N:11]([H:12])[H:13])[N:21]([H:22])[H:23]>>[F-:1].[F:2][C:5]([C:4]([H:3])([C:31]#[N:32])[C:41]#[N:42])([N:11]([H:12])[H:13])[N:21]([H:22])[H:23],40.57160366004116
[Cl-:2].[F:1][C@:5]([C:4]([H:3])([H:31])[C:41]([H:42])([H:43])[H:44])([C:11]#[N:12])[N:21]([H:22])[H:23]>>[Cl:2][C@@:5]([C:4]([H:3])([H:31])[C:41]([H:42])([H:43])[H:44])([C:11]#[N:12])[N:21]([H:22])[H:23].[F-:1],48.08044134831664
[F:1][C:5]([C:4]([H:3])([H:31])[N:41]([H:42])[H:43])([H:11])[H:21].[H-:2]>>[F-:1].[H:2][C:5]([C:4]([H:3])([H:31])[N:41]([H:42])[H:43])([H:11])[H:21],22.76434324737728
[Cl-:2].[Cl:1][C@:5]([C@:4]([H:3])([N+:31]([O-:32])[O:33])[C:41]([H:42])([H:43])[H:44])([C:11]#[N:12])[H:21]>>[Cl-:1].[Cl:2][C@@:5]([C@:4]([H:3])([N+:31]([O-:32])[O:33])[C:41]([H:42])([H:43])[H:44])([C:11]#[N:12])[H:21],21.73521491105849
[F:1][C@:5]([C@:4]([H:3])([N:31]([H:32])[H:33])[C:41]([H:42])([H:43])[H:44])([C:11]#[N:12])[H:21].[H-:2]>>[F-:1].[H:2][C:5]([C@:4]([H:3])([N:31]([H:32])[H:33])[C:41]([H:42])([H:43])[H:44])([C:11]#[N:12])[H:21],12.939148215855392
[Cl-:2].[F:1][C@:5]([C:4]([H:3])([C:31]#[N:32])[H:41])([H:11])[N:21]([H:22])[H:23]>>[Cl:2][C@@:5]([C:4]([H:3])([C:31]#[N:32])[H:41])([H:11])[N:21]([H:22])[H:23].[F-:1],42.08469446918063
[Cl-:2].[F:1][C@:5]([C:4]([H:3])([C:31]([H:32])([H:33])[H:34])[C:41]([H:42])([H:43])[H:44])([C:11]#[N:12])[N:21]([H:22])[H:23]>>[Cl:2][C@@:5]([C:4]([H:3])([C:31]([H:32])([H:33])[H:34])[C:41]([H:42])([H:43])[H:44])([C:11]#[N:12])[N:21]([H:22])[H:23].[F-:1],50.28588669111768
[Cl-:2].[Cl:1][C@:5]([C:4]([H:3])([C:31]#[N:32])[H:41])([H:11])[N+:21]([O-:22])[O:23]>>[Cl-:1].[Cl:2][C@@:5]([C:4]([H:3])([C:31]#[N:32])[H:41])([H:11])[N+:21]([O-:22])[O:23],17.53796962639487
[Br-:2].[F:1][C@:5]([C:4]([H:3])([H:31])[N:41]([H:42])[H:43])([N+:11]([O-:12])[O:13])[C:21]([H:22])([H:23])[H:24]>>[Br:2][C@@:5]([C:4]([H:3])([H:31])[N:41]([H:42])[H:43])([N+:11]([O-:12])[O:13])[C:21]([H:22])([H:23])[H:24].[F-:1],58.76705084667819
[Cl:1][C@:5]([C:4]([H:3])([H:31])[C:41]([H:42])([H:43])[H:44])([C:11]#[N:12])[N:21]([H:22])[H:23].[H-:2]>>[Cl-:1].[H:2][C@@:5]([C:4]([H:3])([H:31])[C:41]([H:42])([H:43])[H:44])([C:11]#[N:12])[N:21]([H:22])[H:23],8.555940697101912
[Cl-:2].[Cl:1][C@:5]([C:4]([H:3])([C:31]([H:32])([H:33])[H:34])[C:41]([H:42])([H:43])[H:44])([N:11]([H:12])[H:13])[C:21]#[N:22]>>[Cl-:1].[Cl:2][C@@:5]([C:4]([H:3])([C:31]([H:32])([H:33])[H:34])[C:41]([H:42])([H:43])[H:44])([N:11]([H:12])[H:13])[C:21]#[N:22],24.62093572019532
[Br:1][C@:5]([C@:4]([H:3])([C:31]#[N:32])[N:41]([H:42])[H:43])([H:11])[C:21]([H:22])([H:23])[H:24].[H-:2]>>[Br-:1].[H:2][C:5]([C@:4]([H:3])([C:31]#[N:32])[N:41]([H:42])[H:43])([H:11])[C:21]([H:22])([H:23])[H:24],12.725404952973433
[Br:1][C@:5]([C:4]([H:3])([N:31]([H:32])[H:33])[N:41]([H:42])[H:43])([C:11]([H:12])([H:13])[H:14])[H:21].[Cl-:2]>>[Br-:1].[Cl:2][C@@:5]([C:4]([H:3])([N:31]([H:32])[H:33])[N:41]([H:42])[H:43])([C:11]([H:12])([H:13])[H:14])[H:21],32.35416117437852
[Br:1][C@:5]([C:4]([H:3])([N:31]([H:32])[H:33])[H:41])([C:11]([H:12])([H:13])[H:14])[H:21].[Cl-:2]>>[Br-:1].[Cl:2][C@@:5]([C:4]([H:3])([N:31]([H:32])[H:33])[H:41])([C:11]([H:12])([H:13])[H:14])[H:21],25.607739458010712
[Cl-:2].[Cl:1][C@:5]([C:4]([H:3])([C:31]([H:32])([H:33])[H:34])[H:41])([C:11]([H:12])([H:13])[H:14])[N+:21]([O-:22])[O:23]>>[Cl-:1].[Cl:2][C@@:5]([C:4]([H:3])([C:31]([H:32])([H:33])[H:34])[H:41])([C:11]([H:12])([H:13])[H:14])[N+:21]([O-:22])[O:23],33.00588081852693
[Cl-:2].[F:1][C:5]([C:4]([H:3])([N:31]([H:32])[H:33])[H:41])([C:11]([H:12])([H:13])[H:14])[C:21]([H:22])([H:23])[H:24]>>[Cl:2][C:5]([C:4]([H:3])([N:31]([H:32])[H:33])[H:41])([C:11]([H:12])([H:13])[H:14])[C:21]([H:22])([H:23])[H:24].[F-:1],49.07708706528504
[Cl:1][C@:5]([C@:4]([H:3])([C:31]([H:32])([H:33])[H:34])[N:41]([H:42])[H:43])([H:11])[N:21]([H:22])[H:23].[F-:2]>>[Cl-:1].[F:2][C@@:5]([C@:4]([H:3])([C:31]([H:32])([H:33])[H:34])[N:41]([H:42])[H:43])([H:11])[N:21]([H:22])[H:23],29.906510451783284
[Br-:2].[Br:1][C@:5]([C@:4]([H:3])([N:31]([H:32])[H:33])[C:41]([H:42])([H:43])[H:44])([N+:11]([O-:12])[O:13])[H:21]>>[Br-:1].[Br:2][C@@:5]([C@:4]([H:3])([N:31]([H:32])[H:33])[C:41]([H:42])([H:43])[H:44])([N+:11]([O-:12])[O:13])[H:21],29.580785430586094
[Cl:1][C@:5]([C:4]([H:3])([C:31]([H:32])([H:33])[H:34])[H:41])([N+:11]([O-:12])[O:13])[N:21]([H:22])[H:23].[H-:2]>>[Cl-:1].[H:2][C@@:5]([C:4]([H:3])([C:31]([H:32])([H:33])[H:34])[H:41])([N+:11]([O-:12])[O:13])[N:21]([H:22])[H:23],9.73661121404044
[Br:1][C@:5]([C:4]([H:3])([H:31])[N+:41]([O-:42])[O:43])([H:11])[N+:21]([O-:22])[O:23].[Cl-:2]>>[Br-:1].[Cl:2][C@@:5]([C:4]([H:3])([H:31])[N+:41]([O-:42])[O:43])([H:11])[N+:21]([O-:22])[O:23],17.124651388576567
[Br:1][C@:5]([C@:4]([H:3])([N:31]([H:32])[H:33])[C:41]#[N:42])([N+:11]([O-:12])[O:13])[H:21].[Cl-:2]>>[Br-:1].[Cl:2][C@@:5]([C@:4]([H:3])([N:31]([H:32])[H:33])[C:41]#[N:42])([N+:11]([O-:12])[O:13])[H:21],27.91512240276123
[F-:2].[F:1][C@:5]([C:4]([H:3])([C:31]([H:32])([H:33])[H:34])[C:41]([H:42])([H:43])[H:44])([H:11])[N:21]([H:22])[H:23]>>[F-:1].[F:2][C@@:5]([C:4]([H:3])([C:31]([H:32])([H:33])[H:34])[C:41]([H:42])([H:43])[H:44])([H:11])[N:21]([H:22])[H:23],33.18417722655248
[Br:1][C@:5]([C@:4]([H:3])([C:31]#[N:32])[C:41]([H:42])([H:43])[H:44])([N+:11]([O-:12])[O:13])[N:21]([H:22])[H:23].[F-:2]>>[Br-:1].[F:2][C@@:5]([C@:4]([H:3])([C:31]#[N:32])[C:41]([H:42])([H:43])[H:44])([N+:11]([O-:12])[O:13])[N:21]([H:22])[H:23],12.934507815934074
[Cl-:2].[F:1][C@:5]([C@:4]([H:3])([C:31]#[N:32])[N+:41]([O-:42])[O:43])([H:11])[N:21]([H:22])[H:23]>>[Cl:2][C@@:5]([C@:4]([H:3])([C:31]#[N:32])[N+:41]([O-:42])[O:43])([H:11])[N:21]([H:22])[H:23].[F-:1],46.08786197298702
[Cl-:2].[Cl:1][C@:5]([C:4]([H:3])([N:31]([H:32])[H:33])[H:41])([C:11]([H:12])([H:13])[H:14])[C:21]#[N:22]>>[Cl-:1].[Cl:2][C@@:5]([C:4]([H:3])([N:31]([H:32])[H:33])[H:41])([C:11]([H:12])([H:13])[H:14])[C:21]#[N:22],33.757545817498965
[Cl:1][C@:5]([C@:4]([H:3])([C:31]#[N:32])[C:41]([H:42])([H:43])[H:44])([N+:11]([O-:12])[O:13])[N:21]([H:22])[H:23].[H-:2]>>[Cl-:1].[H:2][C@@:5]([C@:4]([H:3])([C:31]#[N:32])[C:41]([H:42])([H:43])[H:44])([N+:11]([O-:12])[O:13])[N:21]([H:22])[H:23],8.561996469689023
[F-:2].[F:1][C@:5]([C@:4]([H:3])([C:31]#[N:32])[N:41]([H:42])[H:43])([C:11]([H:12])([H:13])[H:14])[H:21]>>[F-:1].[F:2][C@@:5]([C@:4]([H:3])([C:31]#[N:32])[N:41]([H:42])[H:43])([C:11]([H:12])([H:13])[H:14])[H:21],30.07256920273135
[Cl-:2].[Cl:1][C@:5]([C:4]([H:3])([N:31]([H:32])[H:33])[H:41])([H:11])[C:21]#[N:22]>>[Cl-:1].[Cl:2][C@@:5]([C:4]([H:3])([N:31]([H:32])[H:33])[H:41])([H:11])[C:21]#[N:22],23.419410588087374
[F-:2].[F:1][C:5]([C@:4]([H:3])([N+:31]([O-:32])[O:33])[C:41]#[N:42])([N:11]([H:12])[H:13])[N:21]([H:22])[H:23]>>[F-:1].[F:2][C:5]([C@:4]([H:3])([N+:31]([O-:32])[O:33])[C:41]#[N:42])([N:11]([H:12])[H:13])[N:21]([H:22])[H:23],43.53747035249061
[Br-:2].[Cl:1][C@:5]([C@:4]([H:3])([C:31]([H:32])([H:33])[H:34])[N+:41]([O-:42])[O:43])([C:11]#[N:12])[H:21]>>[Br:2][C@@:5]([C@:4]([H:3])([C:31]([H:32])([H:33])[H:34])[N+:41]([O-:42])[O:43])([C:11]#[N:12])[H:21].[Cl-:1],28.74570298770853
[Br:1][C@:5]([C:4]([H:3])([C:31]#[N:32])[H:41])([C:11]([H:12])([H:13])[H:14])[N+:21]([O-:22])[O:23].[Cl-:2]>>[Br-:1].[Cl:2][C@@:5]([C:4]([H:3])([C:31]#[N:32])[H:41])([C:11]([H:12])([H:13])[H:14])[N+:21]([O-:22])[O:23],25.9169486912472
[Cl-:2].[Cl:1][C@:5]([C@:4]([H:3])([C:31]#[N:32])[C:41]([H:42])([H:43])[H:44])([H:11])[C:21]([H:22])([H:23])[H:24]>>[Cl-:1].[Cl:2][C@@:5]([C@:4]([H:3])([C:31]#[N:32])[C:41]([H:42])([H:43])[H:44])([H:11])[C:21]([H:22])([H:23])[H:24],22.200539158673447
[Br:1][C@:5]([C:4]([H:3])([N:31]([H:32])[H:33])[H:41])([C:11]#[N:12])[H:21].[Cl-:2]>>[Br-:1].[Cl:2][C@@:5]([C:4]([H:3])([N:31]([H:32])[H:33])[H:41])([C:11]#[N:12])[H:21],24.56091609510964
[F-:2].[F:1][C@:5]([C@:4]([H:3])([C:31]([H:32])([H:33])[H:34])[C:41]#[N:42])([C:11]#[N:12])[C:21]([H:22])([H:23])[H:24]>>[F-:1].[F:2][C@@:5]([C@:4]([H:3])([C:31]([H:32])([H:33])[H:34])[C:41]#[N:42])([C:11]#[N:12])[C:21]([H:22])([H:23])[H:24],24.52165520888401
[Cl-:2].[Cl:1][C@:5]([C:4]([H:3])([H:31])[N+:41]([O-:42])[O:43])([N+:11]([O-:12])[O:13])[H:21]>>[Cl-:1].[Cl:2][C@@:5]([C:4]([H:3])([H:31])[N+:41]([O-:42])[O:43])([N+:11]([O-:12])[O:13])[H:21],29.69023969269351
[F-:2].[F:1][C@:5]([C@:4]([H:3])([N+:31]([O-:32])[O:33])[N:41]([H:42])[H:43])([N+:11]([O-:12])[O:13])[N:21]([H:22])[H:23]>>[F-:1].[F:2][C@@:5]([C@:4]([H:3])([N+:31]([O-:32])[O:33])[N:41]([H:42])[H:43])([N+:11]([O-:12])[O:13])[N:21]([H:22])[H:23],35.70965144779965
[Cl:1][C@:5]([C@:4]([H:3])([C:31]#[N:32])[N+:41]([O-:42])[O:43])([N:11]([H:12])[H:13])[C:21]([H:22])([H:23])[H:24].[H-:2]>>[Cl-:1].[H:2][C@@:5]([C@:4]([H:3])([C:31]#[N:32])[N+:41]([O-:42])[O:43])([N:11]([H:12])[H:13])[C:21]([H:22])([H:23])[H:24],19.08769139296521
[F:1][C@:5]([C@:4]([H:3])([C:31]#[N:32])[N:41]([H:42])[H:43])([H:11])[C:21]([H:22])([H:23])[H:24].[H-:2]>>[F-:1].[H:2][C:5]([C@:4]([H:3])([C:31]#[N:32])[N:41]([H:42])[H:43])([H:11])[C:21]([H:22])([H:23])[H:24],26.46918727207857
[Br-:2].[Br:1][C:5]([C:4]([H:3])([N+:31]([O-:32])[O:33])[N+:41]([O-:42])[O:43])([H:11])[H:21]>>[Br-:1].[Br:2][C:5]([C:4]([H:3])([N+:31]([O-:32])[O:33])[N+:41]([O-:42])[O:43])([H:11])[H:21],27.234363055325304
[Br:1][C@:5]([C@:4]([H:3])([N+:31]([O-:32])[O:33])[N:41]([H:42])[H:43])([C:11]([H:12])([H:13])[H:14])[H:21].[Cl-:2]>>[Br-:1].[Cl:2][C@@:5]([C@:4]([H:3])([N+:31]([O-:32])[O:33])[N:41]([H:42])[H:43])([C:11]([H:12])([H:13])[H:14])[H:21],29.761136164487915
[Cl-:2].[Cl:1][C@:5]([C@:4]([H:3])([C:31]#[N:32])[N:41]([H:42])[H:43])([H:11])[N+:21]([O-:22])[O:23]>>[Cl-:1].[Cl:2][C@@:5]([C@:4]([H:3])([C:31]#[N:32])[N:41]([H:42])[H:43])([H:11])[N+:21]([O-:22])[O:23],25.726100324706287
[Cl:1][C@:5]([C@:4]([H:3])([N+:31]([O-:32])[O:33])[C:41]#[N:42])([H:11])[N:21]([H:22])[H:23].[H-:2]>>[Cl-:1].[H:2][C:5]([C@:4]([H:3])([N+:31]([O-:32])[O:33])[C:41]#[N:42])([H:11])[N:21]([H:22])[H:23],15.460004707494187
[Br:1][C:5]([C@:4]([H:3])([C:31]#[N:32])[C:41]([H:42])([H:43])[H:44])([H:11])[H:21].[H-:2]>>[Br-:1].[H:2][C:5]([C:4]([H:3])([C:31]#[N:32])[C:41]([H:42])([H:43])[H:44])([H:11])[H:21],3.4737004440099666
[Cl-:2].[Cl:1][C@:5]([C@:4]([H:3])([N+:31]([O-:32])[O:33])[C:41]#[N:42])([C:11]#[N:12])[C:21]([H:22])([H:23])[H:24]>>[Cl-:1].[Cl:2][C@@:5]([C@:4]([H:3])([N+:31]([O-:32])[O:33])[C:41]#[N:42])([C:11]#[N:12])[C:21]([H:22])([H:23])[H:24],25.64623476669274
[Cl-:2].[F:1][C@:5]([C@:4]([H:3])([N:31]([H:32])[H:33])[C:41]([H:42])([H:43])[H:44])([N+:11]([O-:12])[O:13])[H:21]>>[Cl:2][C@@:5]([C@:4]([H:3])([N:31]([H:32])[H:33])[C:41]([H:42])([H:43])[H:44])([N+:11]([O-:12])[O:13])[H:21].[F-:1],50.25612101172421
[Br-:2].[F:1][C@:5]([C@:4]([H:3])([N:31]([H:32])[H:33])[C:41]#[N:42])([N:11]([H:12])[H:13])[N+:21]([O-:22])[O:23]>>[Br:2][C@@:5]([C@:4]([H:3])([N:31]([H:32])[H:33])[C:41]#[N:42])([N:11]([H:12])[H:13])[N+:21]([O-:22])[O:23].[F-:1],47.25817344571926
[Br-:2].[Br:1][C@:5]([C:4]([H:3])([H:31])[N:41]([H:42])[H:43])([C:11]([H:12])([H:13])[H:14])[H:21]>>[Br-:1].[Br:2][C@@:5]([C:4]([H:3])([H:31])[N:41]([H:42])[H:43])([C:11]([H:12])([H:13])[H:14])[H:21],28.29279777205189
[Br:1][C@:5]([C:4]([H:3])([H:31])[N+:41]([O-:42])[O:43])([C:11]#[N:12])[H:21].[Cl-:2]>>[Br-:1].[Cl:2][C@@:5]([C:4]([H:3])([H:31])[N+:41]([O-:42])[O:43])([C:11]#[N:12])[H:21],24.12450965414811
[F:1][C@:5]([C@:4]([H:3])([N:31]([H:32])[H:33])[C:41]([H:42])([H:43])[H:44])([H:11])[N+:21]([O-:22])[O:23].[H-:2]>>[F-:1].[H:2][C:5]([C@:4]([H:3])([N:31]([H:32])[H:33])[C:41]([H:42])([H:43])[H:44])([H:11])[N+:21]([O-:22])[O:23],0.7112123626439475
[Cl:1][C:5]([C:4]([H:3])([C:31]#[N:32])[C:41]#[N:42])([C:11]([H:12])([H:13])[H:14])[C:21]([H:22])([H:23])[H:24].[F-:2]>>[Cl-:1].[F:2][C:5]([C:4]([H:3])([C:31]#[N:32])[C:41]#[N:42])([C:11]([H:12])([H:13])[H:14])[C:21]([H:22])([H:23])[H:24],31.2829608257338
[Cl:1][C@:5]([C@:4]([H:3])([C:31]([H:32])([H:33])[H:34])[N+:41]([O-:42])[O:43])([C:11]#[N:12])[H:21].[F-:2]>>[Cl-:1].[F:2][C@@:5]([C@:4]([H:3])([C:31]([H:32])([H:33])[H:34])[N+:41]([O-:42])[O:43])([C:11]#[N:12])[H:21],14.408335211714244
[Br-:2].[F:1][C@:5]([C:4]([H:3])([N:31]([H:32])[H:33])[N:41]([H:42])[H:43])([C:11]#[N:12])[H:21]>>[Br:2][C@@:5]([C:4]([H:3])([N:31]([H:32])[H:33])[N:41]([H:42])[H:43])([C:11]#[N:12])[H:21].[F-:1],49.64532597438456
[Cl-:2].[F:1][C@:5]([C@:4]([H:3])([C:31]([H:32])([H:33])[H:34])[C:41]#[N:42])([N:11]([H:12])[H:13])[C:21]([H:22])([H:23])[H:24]>>[Cl:2][C@@:5]([C@:4]([H:3])([C:31]([H:32])([H:33])[H:34])[C:41]#[N:42])([N:11]([H:12])[H:13])[C:21]([H:22])([H:23])[H:24].[F-:1],50.16904859596224
[Br:1][C@:5]([C@:4]([H:3])([C:31]([H:32])([H:33])[H:34])[C:41]#[N:42])([H:11])[C:21]([H:22])([H:23])[H:24].[Cl-:2]>>[Br-:1].[Cl:2][C@@:5]([C@:4]([H:3])([C:31]([H:32])([H:33])[H:34])[C:41]#[N:42])([H:11])[C:21]([H:22])([H:23])[H:24],25.464782437839364
[Cl:1][C@:5]([C@:4]([H:3])([N:31]([H:32])[H:33])[C:41]#[N:42])([H:11])[N:21]([H:22])[H:23].[H-:2]>>[Cl-:1].[H:2][C:5]([C@:4]([H:3])([N:31]([H:32])[H:33])[C:41]#[N:42])([H:11])[N:21]([H:22])[H:23],18.21743591771753
[Cl:1][C@:5]([C:4]([H:3])([N+:31]([O-:32])[O:33])[H:41])([N+:11]([O-:12])[O:13])[N:21]([H:22])[H:23].[H-:2]>>[Cl-:1].[H:2][C@@:5]([C:4]([H:3])([N+:31]([O-:32])[O:33])[H:41])([N+:11]([O-:12])[O:13])[N:21]([H:22])[H:23],8.373524619347073
[Cl:1][C@:5]([C@:4]([H:3])([N:31]([H:32])[H:33])[C:41]([H:42])([H:43])[H:44])([N:11]([H:12])[H:13])[N+:21]([O-:22])[O:23].[F-:2]>>[Cl-:1].[F:2][C@@:5]([C@:4]([H:3])([N:31]([H:32])[H:33])[C:41]([H:42])([H:43])[H:44])([N:11]([H:12])[H:13])[N+:21]([O-:22])[O:23],35.0206743780647
[Cl-:2].[F:1][C@:5]([C@:4]([H:3])([N:31]([H:32])[H:33])[N+:41]([O-:42])[O:43])([N:11]([H:12])[H:13])[H:21]>>[Cl:2][C@@:5]([C@:4]([H:3])([N:31]([H:32])[H:33])[N+:41]([O-:42])[O:43])([N:11]([H:12])[H:13])[H:21].[F-:1],57.27032992762806
[Br-:2].[Br:1][C@:5]([C@:4]([H:3])([N:31]([H:32])[H:33])[C:41]#[N:42])([H:11])[C:21]#[N:22]>>[Br-:1].[Br:2][C@@:5]([C@:4]([H:3])([N:31]([H:32])[H:33])[C:41]#[N:42])([H:11])[C:21]#[N:22],31.87338234427617
[F-:2].[F:1][C@:5]([C:4]([H:3])([H:31])[N:41]([H:42])[H:43])([C:11]([H:12])([H:13])[H:14])[C:21]#[N:22]>>[F-:1].[F:2][C@@:5]([C:4]([H:3])([H:31])[N:41]([H:42])[H:43])([C:11]([H:12])([H:13])[H:14])[C:21]#[N:22],24.759915950115303
[F:1][C@:5]([C:4]([H:3])([H:31])[C:41]#[N:42])([N:11]([H:12])[H:13])[C:21]#[N:22].[H-:2]>>[F-:1].[H:2][C@@:5]([C:4]([H:3])([H:31])[C:41]#[N:42])([N:11]([H:12])[H:13])[C:21]#[N:22],21.258255555360343
[Br:1][C@:5]([C:4]([H:3])([H:31])[N+:41]([O-:42])[O:43])([H:11])[N:21]([H:22])[H:23].[H-:2]>>[Br-:1].[H:2][C:5]([C:4]([H:3])([H:31])[N+:41]([O-:42])[O:43])([H:11])[N:21]([H:22])[H:23],11.73333188096282
[Cl:1][C@:5]([C:4]([H:3])([C:31]#[N:32])[H:41])([H:11])[C:21]#[N:22].[F-:2]>>[Cl-:1].[F:2][C@@:5]([C:4]([H:3])([C:31]#[N:32])[H:41])([H:11])[C:21]#[N:22],6.92504018195369
[Cl:1][C@:5]([C:4]([H:3])([C:31]([H:32])([H:33])[H:34])[C:41]([H:42])([H:43])[H:44])([N:11]([H:12])[H:13])[C:21]#[N:22].[F-:2]>>[Cl-:1].[F:2][C@@:5]([C:4]([H:3])([C:31]([H:32])([H:33])[H:34])[C:41]([H:42])([H:43])[H:44])([N:11]([H:12])[H:13])[C:21]#[N:22],21.43751327181153
[Cl-:2].[Cl:1][C@:5]([C:4]([H:3])([C:31]#[N:32])[H:41])([C:11]#[N:12])[N:21]([H:22])[H:23]>>[Cl-:1].[Cl:2][C@@:5]([C:4]([H:3])([C:31]#[N:32])[H:41])([C:11]#[N:12])[N:21]([H:22])[H:23],24.267432947361574
[Cl-:2].[F:1][C@:5]([C:4]([H:3])([C:31]#[N:32])[H:41])([C:11]([H:12])([H:13])[H:14])[C:21]#[N:22]>>[Cl:2][C@@:5]([C:4]([H:3])([C:31]#[N:32])[H:41])([C:11]([H:12])([H:13])[H:14])[C:21]#[N:22].[F-:1],39.42577544085236
[Cl-:2].[F:1][C:5]([C@:4]([H:3])([N:31]([H:32])[H:33])[C:41]#[N:42])([H:11])[H:21]>>[Cl:2][C:5]([C@:4]([H:3])([N:31]([H:32])[H:33])[C:41]#[N:42])([H:11])[H:21].[F-:1],49.68007167526763
[Br:1][C@:5]([C:4]([H:3])([C:31]([H:32])([H:33])[H:34])[H:41])([N:11]([H:12])[H:13])[C:21]#[N:22].[F-:2]>>[Br-:1].[F:2][C@@:5]([C:4]([H:3])([C:31]([H:32])([H:33])[H:34])[H:41])([N:11]([H:12])[H:13])[C:21]#[N:22],14.623268406736535
[Br-:2].[F:1][C@:5]([C:4]([H:3])([H:31])[C:41]#[N:42])([C:11]([H:12])([H:13])[H:14])[N:21]([H:22])[H:23]>>[Br:2][C@@:5]([C:4]([H:3])([H:31])[C:41]#[N:42])([C:11]([H:12])([H:13])[H:14])[N:21]([H:22])[H:23].[F-:1],50.77627943958129
[Cl:1][C@:5]([C:4]([H:3])([C:31]([H:32])([H:33])[H:34])[H:41])([C:11]#[N:12])[C:21]([H:22])([H:23])[H:24].[F-:2]>>[Cl-:1].[F:2][C@@:5]([C:4]([H:3])([C:31]([H:32])([H:33])[H:34])[H:41])([C:11]#[N:12])[C:21]([H:22])([H:23])[H:24],10.658110197746558
[F:1][C@:5]([C:4]([H:3])([H:31])[N:41]([H:42])[H:43])([N+:11]([O-:12])[O:13])[N:21]([H:22])[H:23].[H-:2]>>[F-:1].[H:2][C@@:5]([C:4]([H:3])([H:31])[N:41]([H:42])[H:43])([N+:11]([O-:12])[O:13])[N:21]([H:22])[H:23],21.42550361086024
[Cl-:2].[Cl:1][C@:5]([C:4]([H:3])([N:31]([H:32])[H:33])[N:41]([H:42])[H:43])([C:11]([H:12])([H:13])[H:14])[C:21]#[N:22]>>[Cl-:1].[Cl:2][C@@:5]([C:4]([H:3])([N:31]([H:32])[H:33])[N:41]([H:42])[H:43])([C:11]([H:12])([H:13])[H:14])[C:21]#[N:22],32.28556926207856
[Br:1][C@:5]([C@:4]([H:3])([N:31]([H:32])[H:33])[N+:41]([O-:42])[O:43])([C:11]([H:12])([H:13])[H:14])[H:21].[Cl-:2]>>[Br-:1].[Cl:2][C@@:5]([C@:4]([H:3])([N:31]([H:32])[H:33])[N+:41]([O-:42])[O:43])([C:11]([H:12])([H:13])[H:14])[H:21],31.693623717626355
[Cl-:2].[Cl:1][C@:5]([C:4]([H:3])([C:31]([H:32])([H:33])[H:34])[H:41])([C:11]#[N:12])[H:21]>>[Cl-:1].[Cl:2][C@@:5]([C:4]([H:3])([C:31]([H:32])([H:33])[H:34])[H:41])([C:11]#[N:12])[H:21],20.01730064813956
[F:1][C@:5]([C:4]([H:3])([H:31])[C:41]([H:42])([H:43])[H:44])([H:11])[N+:21]([O-:22])[O:23].[H-:2]>>[F-:1].[H:2][C:5]([C:4]([H:3])([H:31])[C:41]([H:42])([H:43])[H:44])([H:11])[N+:21]([O-:22])[O:23],1.232233050129576
[F:1][C@:5]([C:4]([H:3])([N:31]([H:32])[H:33])[N:41]([H:42])[H:43])([C:11]#[N:12])[C:21]([H:22])([H:23])[H:24].[H-:2]>>[F-:1].[H:2][C@@:5]([C:4]([H:3])([N:31]([H:32])[H:33])[N:41]([H:42])[H:43])([C:11]#[N:12])[C:21]([H:22])([H:23])[H:24],19.120375312993325
[F-:2].[F:1][C@:5]([C@:4]([H:3])([N:31]([H:32])[H:33])[C:41]#[N:42])([H:11])[C:21]([H:22])([H:23])[H:24]>>[F-:1].[F:2][C@@:5]([C@:4]([H:3])([N:31]([H:32])[H:33])[C:41]#[N:42])([H:11])[C:21]([H:22])([H:23])[H:24],28.096323695721555
[Cl:1][C@:5]([C@:4]([H:3])([C:31]#[N:32])[N:41]([H:42])[H:43])([C:11]([H:12])([H:13])[H:14])[H:21].[F-:2]>>[Cl-:1].[F:2][C@@:5]([C@:4]([H:3])([C:31]#[N:32])[N:41]([H:42])[H:43])([C:11]([H:12])([H:13])[H:14])[H:21],20.89822156171492
[Br:1][C@:5]([C:4]([H:3])([H:31])[N+:41]([O-:42])[O:43])([C:11]#[N:12])[N:21]([H:22])[H:23].[F-:2]>>[Br-:1].[F:2][C@@:5]([C:4]([H:3])([H:31])[N+:41]([O-:42])[O:43])([C:11]#[N:12])[N:21]([H:22])[H:23],17.30297466220489
[Br:1][C@:5]([C@:4]([H:3])([C:31]([H:32])([H:33])[H:34])[C:41]#[N:42])([C:11]#[N:12])[N:21]([H:22])[H:23].[H-:2]>>[Br-:1].[H:2][C@@:5]([C@:4]([H:3])([C:31]([H:32])([H:33])[H:34])[C:41]#[N:42])([C:11]#[N:12])[N:21]([H:22])[H:23],11.56163254954456
[Cl:1][C:5]([C@:4]([H:3])([C:31]#[N:32])[C:41]([H:42])([H:43])[H:44])([H:11])[H:21].[H-:2]>>[Cl-:1].[H:2][C:5]([C:4]([H:3])([C:31]#[N:32])[C:41]([H:42])([H:43])[H:44])([H:11])[H:21],5.639451578914636
[Br:1][C@:5]([C@:4]([H:3])([N+:31]([O-:32])[O:33])[C:41]([H:42])([H:43])[H:44])([N:11]([H:12])[H:13])[C:21]([H:22])([H:23])[H:24].[F-:2]>>[Br-:1].[F:2][C@@:5]([C@:4]([H:3])([N+:31]([O-:32])[O:33])[C:41]([H:42])([H:43])[H:44])([N:11]([H:12])[H:13])[C:21]([H:22])([H:23])[H:24],23.347327096624056
[Br-:2].[Br:1][C@:5]([C:4]([H:3])([C:31]#[N:32])[H:41])([C:11]([H:12])([H:13])[H:14])[H:21]>>[Br-:1].[Br:2][C@@:5]([C:4]([H:3])([C:31]#[N:32])[H:41])([C:11]([H:12])([H:13])[H:14])[H:21],25.49065105867391
[Br:1][C@:5]([C:4]([H:3])([H:31])[C:41]#[N:42])([H:11])[C:21]#[N:22].[F-:2]>>[Br-:1].[F:2][C@@:5]([C:4]([H:3])([H:31])[C:41]#[N:42])([H:11])[C:21]#[N:22],8.867480958736031
[Cl:1][C@:5]([C:4]([H:3])([C:31]([H:32])([H:33])[H:34])[C:41]([H:42])([H:43])[H:44])([C:11]#[N:12])[N:21]([H:22])[H:23].[F-:2]>>[Cl-:1].[F:2][C@@:5]([C:4]([H:3])([C:31]([H:32])([H:33])[H:34])[C:41]([H:42])([H:43])[H:44])([C:11]#[N:12])[N:21]([H:22])[H:23],21.38909902595213
[Cl-:2].[F:1][C@:5]([C:4]([H:3])([C:31]#[N:32])[C:41]#[N:42])([C:11]([H:12])([H:13])[H:14])[H:21]>>[Cl:2][C@@:5]([C:4]([H:3])([C:31]#[N:32])[C:41]#[N:42])([C:11]([H:12])([H:13])[H:14])[H:21].[F-:1],42.79383385687469
[Cl:1][C@:5]([C:4]([H:3])([N:31]([H:32])[H:33])[N:41]([H:42])[H:43])([C:11]#[N:12])[H:21].[F-:2]>>[Cl-:1].[F:2][C@@:5]([C:4]([H:3])([N:31]([H:32])[H:33])[N:41]([H:42])[H:43])([C:11]#[N:12])[H:21],30.691117640595703
[Br:1][C:5]([C:4]([H:3])([N+:31]([O-:32])[O:33])[N+:41]([O-:42])[O:43])([H:11])[H:21].[F-:2]>>[Br-:1].[F:2][C:5]([C:4]([H:3])([N+:31]([O-:32])[O:33])[N+:41]([O-:42])[O:43])([H:11])[H:21],1.5940949473828727
[Br:1][C@:5]([C@:4]([H:3])([C:31]#[N:32])[N:41]([H:42])[H:43])([H:11])[C:21]#[N:22].[H-:2]>>[Br-:1].[H:2][C:5]([C@:4]([H:3])([C:31]#[N:32])[N:41]([H:42])[H:43])([H:11])[C:21]#[N:22],2.323423768110694
[Br:1][C@:5]([C:4]([H:3])([C:31]#[N:32])[H:41])([C:11]([H:12])([H:13])[H:14])[N:21]([H:22])[H:23].[F-:2]>>[Br-:1].[F:2][C@@:5]([C:4]([H:3])([C:31]#[N:32])[H:41])([C:11]([H:12])([H:13])[H:14])[N:21]([H:22])[H:23],9.737800929444496
[Cl-:2].[Cl:1][C@:5]([C:4]([H:3])([C:31]([H:32])([H:33])[H:34])[H:41])([N+:11]([O-:12])[O:13])[C:21]#[N:22]>>[Cl-:1].[Cl:2][C@@:5]([C:4]([H:3])([C:31]([H:32])([H:33])[H:34])[H:41])([N+:11]([O-:12])[O:13])[C:21]#[N:22],19.515456233498284
[F:1][C@:5]([C@:4]([H:3])([C:31]([H:32])([H:33])[H:34])[N:41]([H:42])[H:43])([C:11]#[N:12])[N:21]([H:22])[H:23].[H-:2]>>[F-:1].[H:2][C@@:5]([C@:4]([H:3])([C:31]([H:32])([H:33])[H:34])[N:41]([H:42])[H:43])([C:11]#[N:12])[N:21]([H:22])[H:23],29.81372025765465
[F:1][C@:5]([C:4]([H:3])([H:31])[C:41]([H:42])([H:43])[H:44])([N:11]([H:12])[H:13])[C:21]([H:22])([H:23])[H:24].[H-:2]>>[F-:1].[H:2][C@@:5]([C:4]([H:3])([H:31])[C:41]([H:42])([H:43])[H:44])([N:11]([H:12])[H:13])[C:21]([H:22])([H:23])[H:24],37.426306778522495
[Br:1][C@:5]([C:4]([H:3])([N:31]([H:32])[H:33])[N:41]([H:42])[H:43])([H:11])[C:21]([H:22])([H:23])[H:24].[H-:2]>>[Br-:1].[H:2][C:5]([C:4]([H:3])([N:31]([H:32])[H:33])[N:41]([H:42])[H:43])([H:11])[C:21]([H:22])([H:23])[H:24],10.301769022967042
[Br-:2].[Br:1][C:5]([C@:4]([H:3])([C:31]#[N:32])[N:41]([H:42])[H:43])([C:11]([H:12])([H:13])[H:14])[C:21]([H:22])([H:23])[H:24]>>[Br-:1].[Br:2][C:5]([C@:4]([H:3])([C:31]#[N:32])[N:41]([H:42])[H:43])([C:11]([H:12])([H:13])[H:14])[C:21]([H:22])([H:23])[H:24],38.771770017212994
[F-:2].[F:1][C@:5]([C@:4]([H:3])([C:31]([H:32])([H:33])[H:34])[N:41]([H:42])[H:43])([H:11])[C:21]#[N:22]>>[F-:1].[F:2][C@@:5]([C@:4]([H:3])([C:31]([H:32])([H:33])[H:34])[N:41]([H:42])[H:43])([H:11])[C:21]#[N:22],28.90122604256608
[Br-:2].[F:1][C:5]([C@:4]([H:3])([C:31]#[N:32])[N:41]([H:42])[H:43])([H:11])[H:21]>>[Br:2][C:5]([C@:4]([H:3])([C:31]#[N:32])[N:41]([H:42])[H:43])([H:11])[H:21].[F-:1],47.52215404301244
[Br:1][C:5]([C@:4]([H:3])([C:31]([H:32])([H:33])[H:34])[N+:41]([O-:42])[O:43])([H:11])[H:21].[Cl-:2]>>[Br-:1].[Cl:2][C:5]([C@:4]([H:3])([C:31]([H:32])([H:33])[H:34])[N+:41]([O-:42])[O:43])([H:11])[H:21],22.08245570560797
[Br-:2].[Cl:1][C:5]([C:4]([H:3])([H:31])[H:41])([C:11]#[N:12])[C:21]([H:22])([H:23])[H:24]>>[Br:2][C:5]([C:4]([H:3])([H:31])[H:41])([C:11]#[N:12])[C:21]([H:22])([H:23])[H:24].[Cl-:1],28.998651243258227
[Cl:1][C@:5]([C@:4]([H:3])([N+:31]([O-:32])[O:33])[C:41]([H:42])([H:43])[H:44])([N:11]([H:12])[H:13])[C:21]([H:22])([H:23])[H:24].[H-:2]>>[Cl-:1].[H:2][C@@:5]([C@:4]([H:3])([N+:31]([O-:32])[O:33])[C:41]([H:42])([H:43])[H:44])([N:11]([H:12])[H:13])[C:21]([H:22])([H:23])[H:24],23.454640378099427
[F-:2].[F:1][C@:5]([C@:4]([H:3])([N+:31]([O-:32])[O:33])[N:41]([H:42])[H:43])([H:11])[N:21]([H:22])[H:23]>>[F-:1].[F:2][C@@:5]([C@:4]([H:3])([N+:31]([O-:32])[O:33])[N:41]([H:42])[H:43])([H:11])[N:21]([H:22])[H:23],40.40658700610087
[Cl:1][C@:5]([C@:4]([H:3])([N+:31]([O-:32])[O:33])[N:41]([H:42])[H:43])([H:11])[C:21]([H:22])([H:23])[H:24].[F-:2]>>[Cl-:1].[F:2][C@@:5]([C@:4]([H:3])([N+:31]([O-:32])[O:33])[N:41]([H:42])[H:43])([H:11])[C:21]([H:22])([H:23])[H:24],19.54262577326975
[Cl-:2].[F:1][C@:5]([C@:4]([H:3])([C:31]([H:32])([H:33])[H:34])[N:41]([H:42])[H:43])([H:11])[N+:21]([O-:22])[O:23]>>[Cl:2][C@@:5]([C@:4]([H:3])([C:31]([H:32])([H:33])[H:34])[N:41]([H:42])[H:43])([H:11])[N+:21]([O-:22])[O:23].[F-:1],44.79961102396594
[Cl:1][C:5]([C:4]([H:3])([C:31]#[N:32])[H:41])([N:11]([H:12])[H:13])[N:21]([H:22])[H:23].[H-:2]>>[Cl-:1].[H:2][C:5]([C:4]([H:3])([C:31]#[N:32])[H:41])([N:11]([H:12])[H:13])[N:21]([H:22])[H:23],22.952089365542463
[Cl:1][C:5]([C@:4]([H:3])([N+:31]([O-:32])[O:33])[N:41]([H:42])[H:43])([C:11]([H:12])([H:13])[H:14])[C:21]([H:22])([H:23])[H:24].[F-:2]>>[Cl-:1].[F:2][C:5]([C@:4]([H:3])([N+:31]([O-:32])[O:33])[N:41]([H:42])[H:43])([C:11]([H:12])([H:13])[H:14])[C:21]([H:22])([H:23])[H:24],28.11460269656686
[Br:1][C@:5]([C@:4]([H:3])([N+:31]([O-:32])[O:33])[C:41]([H:42])([H:43])[H:44])([H:11])[N:21]([H:22])[H:23].[H-:2]>>[Br-:1].[H:2][C:5]([C@:4]([H:3])([N+:31]([O-:32])[O:33])[C:41]([H:42])([H:43])[H:44])([H:11])[N:21]([H:22])[H:23],14.802252818715717
[Cl-:2].[Cl:1][C@:5]([C:4]([H:3])([H:31])[N+:41]([O-:42])[O:43])([H:11])[C:21]#[N:22]>>[Cl-:1].[Cl:2][C@@:5]([C:4]([H:3])([H:31])[N+:41]([O-:42])[O:43])([H:11])[C:21]#[N:22],21.098913944640827
[F-:2].[F:1][C@:5]([C:4]([H:3])([N+:31]([O-:32])[O:33])[N+:41]([O-:42])[O:43])([H:11])[N:21]([H:22])[H:23]>>[F-:1].[F:2][C@@:5]([C:4]([H:3])([N+:31]([O-:32])[O:33])[N+:41]([O-:42])[O:43])([H:11])[N:21]([H:22])[H:23],32.04210092548161
[Br-:2].[F:1][C@:5]([C:4]([H:3])([N:31]([H:32])[H:33])[H:41])([C:11]([H:12])([H:13])[H:14])[N+:21]([O-:22])[O:23]>>[Br:2][C@@:5]([C:4]([H:3])([N:31]([H:32])[H:33])[H:41])([C:11]([H:12])([H:13])[H:14])[N+:21]([O-:22])[O:23].[F-:1],42.863530840786254
[Cl-:2].[F:1][C:5]([C:4]([H:3])([H:31])[N:41]([H:42])[H:43])([C:11]#[N:12])[C:21]#[N:22]>>[Cl:2][C:5]([C:4]([H:3])([H:31])[N:41]([H:42])[H:43])([C:11]#[N:12])[C:21]#[N:22].[F-:1],31.926565768394624
[Cl:1][C@:5]([C@:4]([H:3])([N:31]([H:32])[H:33])[N+:41]([O-:42])[O:43])([C:11]#[N:12])[N:21]([H:22])[H:23].[F-:2]>>[Cl-:1].[F:2][C@@:5]([C@:4]([H:3])([N:31]([H:32])[H:33])[N+:41]([O-:42])[O:43])([C:11]#[N:12])[N:21]([H:22])[H:23],24.32655632338585
[Cl-:2].[Cl:1][C@:5]([C:4]([H:3])([N:31]([H:32])[H:33])[N:41]([H:42])[H:43])([N+:11]([O-:12])[O:13])[H:21]>>[Cl-:1].[Cl:2][C@@:5]([C:4]([H:3])([N:31]([H:32])[H:33])[N:41]([H:42])[H:43])([N+:11]([O-:12])[O:13])[H:21],40.44788942987584
[F:1][C@:5]([C:4]([H:3])([N:31]([H:32])[H:33])[N:41]([H:42])[H:43])([N:11]([H:12])[H:13])[N+:21]([O-:22])[O:23].[H-:2]>>[F-:1].[H:2][C@@:5]([C:4]([H:3])([N:31]([H:32])[H:33])[N:41]([H:42])[H:43])([N:11]([H:12])[H:13])[N+:21]([O-:22])[O:23],29.90764590762429
[Br:1][C@:5]([C:4]([H:3])([H:31])[C:41]([H:42])([H:43])[H:44])([N+:11]([O-:12])[O:13])[N:21]([H:22])[H:23].[F-:2]>>[Br-:1].[F:2][C@@:5]([C:4]([H:3])([H:31])[C:41]([H:42])([H:43])[H:44])([N+:11]([O-:12])[O:13])[N:21]([H:22])[H:23],16.353416749668035
[Br-:2].[Cl:1][C@:5]([C:4]([H:3])([H:31])[H:41])([N+:11]([O-:12])[O:13])[C:21]#[N:22]>>[Br:2][C@@:5]([C:4]([H:3])([H:31])[H:41])([N+:11]([O-:12])[O:13])[C:21]#[N:22].[Cl-:1],20.679947611589206
[F-:2].[F:1][C@:5]([C@:4]([H:3])([C:31]([H:32])([H:33])[H:34])[C:41]#[N:42])([C:11]([H:12])([H:13])[H:14])[N:21]([H:22])[H:23]>>[F-:1].[F:2][C@@:5]([C@:4]([H:3])([C:31]([H:32])([H:33])[H:34])[C:41]#[N:42])([C:11]([H:12])([H:13])[H:14])[N:21]([H:22])[H:23],39.10687798090417
[Br-:2].[Br:1][C@:5]([C@:4]([H:3])([C:31]([H:32])([H:33])[H:34])[N:41]([H:42])[H:43])([C:11]([H:12])([H:13])[H:14])[C:21]#[N:22]>>[Br-:1].[Br:2][C@@:5]([C@:4]([H:3])([C:31]([H:32])([H:33])[H:34])[N:41]([H:42])[H:43])([C:11]([H:12])([H:13])[H:14])[C:21]#[N:22],30.84677893746736
[F-:2].[F:1][C:5]([C@:4]([H:3])([N+:31]([O-:32])[O:33])[C:41]([H:42])([H:43])[H:44])([H:11])[H:21]>>[F-:1].[F:2][C:5]([C@:4]([H:3])([N+:31]([O-:32])[O:33])[C:41]([H:42])([H:43])[H:44])([H:11])[H:21],20.07089537567224
[F:1][C@:5]([C:4]([H:3])([C:31]#[N:32])[C:41]#[N:42])([N+:11]([O-:12])[O:13])[H:21].[H-:2]>>[F-:1].[H:2][C:5]([C:4]([H:3])([C:31]#[N:32])[C:41]#[N:42])([N+:11]([O-:12])[O:13])[H:21],5.71706466121055
[Cl:1][C@:5]([C@:4]([H:3])([C:31]#[N:32])[N:41]([H:42])[H:43])([N+:11]([O-:12])[O:13])[C:21]([H:22])([H:23])[H:24].[F-:2]>>[Cl-:1].[F:2][C@@:5]([C@:4]([H:3])([C:31]#[N:32])[N:41]([H:42])[H:43])([N+:11]([O-:12])[O:13])[C:21]([H:22])([H:23])[H:24],18.754084031441856
[Cl-:2].[F:1][C@:5]([C@:4]([H:3])([N:31]([H:32])[H:33])[C:41]#[N:42])([C:11]#[N:12])[N:21]([H:22])[H:23]>>[Cl:2][C@@:5]([C@:4]([H:3])([N:31]([H:32])[H:33])[C:41]#[N:42])([C:11]#[N:12])[N:21]([H:22])[H:23].[F-:1],45.23058582803978
[F-:2].[F:1][C@:5]([C@:4]([H:3])([C:31]([H:32])([H:33])[H:34])[C:41]#[N:42])([C:11]#[N:12])[H:21]>>[F-:1].[F:2][C@@:5]([C@:4]([H:3])([C:31]([H:32])([H:33])[H:34])[C:41]#[N:42])([C:11]#[N:12])[H:21],20.21340084747737
[Br:1][C@:5]([C@:4]([H:3])([N:31]([H:32])[H:33])[C:41]([H:42])([H:43])[H:44])([C:11]#[N:12])[H:21].[F-:2]>>[Br-:1].[F:2][C@@:5]([C@:4]([H:3])([N:31]([H:32])[H:33])[C:41]([H:42])([H:43])[H:44])([C:11]#[N:12])[H:21],19.47740601600733
[Br-:2].[Br:1][C@:5]([C:4]([H:3])([H:31])[N:41]([H:42])[H:43])([C:11]([H:12])([H:13])[H:14])[C:21]#[N:22]>>[Br-:1].[Br:2][C@@:5]([C:4]([H:3])([H:31])[N:41]([H:42])[H:43])([C:11]([H:12])([H:13])[H:14])[C:21]#[N:22],30.692265579445305
[Br:1][C@:5]([C@:4]([H:3])([C:31]([H:32])([H:33])[H:34])[C:41]#[N:42])([N:11]([H:12])[H:13])[N+:21]([O-:22])[O:23].[F-:2]>>[Br-:1].[F:2][C@@:5]([C@:4]([H:3])([C:31]([H:32])([H:33])[H:34])[C:41]#[N:42])([N:11]([H:12])[H:13])[N+:21]([O-:22])[O:23],18.952880165643016
[Cl-:2].[F:1][C@:5]([C:4]([H:3])([C:31]#[N:32])[H:41])([N+:11]([O-:12])[O:13])[C:21]([H:22])([H:23])[H:24]>>[Cl:2][C@@:5]([C:4]([H:3])([C:31]#[N:32])[H:41])([N+:11]([O-:12])[O:13])[C:21]([H:22])([H:23])[H:24].[F-:1],42.72492411893766
[Cl:1][C:5]([C@:4]([H:3])([C:31]#[N:32])[C:41]([H:42])([H:43])[H:44])([H:11])[H:21].[F-:2]>>[Cl-:1].[F:2][C:5]([C@:4]([H:3])([C:31]#[N:32])[C:41]([H:42])([H:43])[H:44])([H:11])[H:21],12.956393646240551
[Br:1][C:5]([C@:4]([H:3])([N+:31]([O-:32])[O:33])[C:41]#[N:42])([H:11])[H:21].[F-:2]>>[Br-:1].[F:2][C:5]([C@:4]([H:3])([N+:31]([O-:32])[O:33])[C:41]#[N:42])([H:11])[H:21],4.7337382556882925
[F:1][C@:5]([C@:4]([H:3])([N+:31]([O-:32])[O:33])[C:41]([H:42])([H:43])[H:44])([H:11])[C:21]#[N:22].[H-:2]>>[F-:1].[H:2][C:5]([C@:4]([H:3])([N+:31]([O-:32])[O:33])[C:41]([H:42])([H:43])[H:44])([H:11])[C:21]#[N:22],5.168707846391514
[Cl:1][C@:5]([C@:4]([H:3])([N+:31]([O-:32])[O:33])[C:41]([H:42])([H:43])[H:44])([C:11]([H:12])([H:13])[H:14])[H:21].[H-:2]>>[Cl-:1].[H:2][C:5]([C@:4]([H:3])([N+:31]([O-:32])[O:33])[C:41]([H:42])([H:43])[H:44])([C:11]([H:12])([H:13])[H:14])[H:21],15.15413301100741
[Cl-:2].[Cl:1][C@:5]([C:4]([H:3])([C:31]([H:32])([H:33])[H:34])[H:41])([C:11]([H:12])([H:13])[H:14])[C:21]#[N:22]>>[Cl-:1].[Cl:2][C@@:5]([C:4]([H:3])([C:31]([H:32])([H:33])[H:34])[H:41])([C:11]([H:12])([H:13])[H:14])[C:21]#[N:22],28.18019905825111
[Cl-:2].[Cl:1][C@:5]([C:4]([H:3])([H:31])[C:41]#[N:42])([N+:11]([O-:12])[O:13])[H:21]>>[Cl-:1].[Cl:2][C@@:5]([C:4]([H:3])([H:31])[C:41]#[N:42])([N+:11]([O-:12])[O:13])[H:21],27.40768482656297
[Br:1][C:5]([C:4]([H:3])([N:31]([H:32])[H:33])[N:41]([H:42])[H:43])([H:11])[H:21].[Cl-:2]>>[Br-:1].[Cl:2][C:5]([C:4]([H:3])([N:31]([H:32])[H:33])[N:41]([H:42])[H:43])([H:11])[H:21],32.11482001718399
[Cl:1][C@:5]([C:4]([H:3])([C:31]#[N:32])[H:41])([N+:11]([O-:12])[O:13])[H:21].[F-:2]>>[Cl-:1].[F:2][C@@:5]([C:4]([H:3])([C:31]#[N:32])[H:41])([N+:11]([O-:12])[O:13])[H:21],6.581087503335048
[Br:1][C@:5]([C:4]([H:3])([H:31])[C:41]#[N:42])([C:11]#[N:12])[H:21].[Cl-:2]>>[Br-:1].[Cl:2][C@@:5]([C:4]([H:3])([H:31])[C:41]#[N:42])([C:11]#[N:12])[H:21],22.278835712228712
[Cl:1][C@:5]([C@:4]([H:3])([N:31]([H:32])[H:33])[N+:41]([O-:42])[O:43])([H:11])[C:21]#[N:22].[H-:2]>>[Cl-:1].[H:2][C:5]([C@:4]([H:3])([N:31]([H:32])[H:33])[N+:41]([O-:42])[O:43])([H:11])[C:21]#[N:22],1.9612243306327104
[Cl-:2].[Cl:1][C@:5]([C@:4]([H:3])([C:31]([H:32])([H:33])[H:34])[N:41]([H:42])[H:43])([C:11]#[N:12])[H:21]>>[Cl-:1].[Cl:2][C@@:5]([C@:4]([H:3])([C:31]([H:32])([H:33])[H:34])[N:41]([H:42])[H:43])([C:11]#[N:12])[H:21],27.813474338486856
[Br-:2].[Cl:1][C@:5]([C@:4]([H:3])([C:31]([H:32])([H:33])[H:34])[N:41]([H:42])[H:43])([C:11]([H:12])([H:13])[H:14])[N+:21]([O-:22])[O:23]>>[Br:2][C@@:5]([C@:4]([H:3])([C:31]([H:32])([H:33])[H:34])[N:41]([H:42])[H:43])([C:11]([H:12])([H:13])[H:14])[N+:21]([O-:22])[O:23].[Cl-:1],45.1299483822778
[F-:2].[F:1][C@:5]([C:4]([H:3])([C:31]([H:32])([H:33])[H:34])[C:41]([H:42])([H:43])[H:44])([N:11]([H:12])[H:13])[C:21]#[N:22]>>[F-:1].[F:2][C@@:5]([C:4]([H:3])([C:31]([H:32])([H:33])[H:34])[C:41]([H:42])([H:43])[H:44])([N:11]([H:12])[H:13])[C:21]#[N:22],29.91788331963076
[Br:1][C:5]([C@:4]([H:3])([C:31]#[N:32])[N:41]([H:42])[H:43])([C:11]([H:12])([H:13])[H:14])[C:21]([H:22])([H:23])[H:24].[F-:2]>>[Br-:1].[F:2][C:5]([C@:4]([H:3])([C:31]#[N:32])[N:41]([H:42])[H:43])([C:11]([H:12])([H:13])[H:14])[C:21]([H:22])([H:23])[H:24],19.785091282591303
[Br:1][C@:5]([C@:4]([H:3])([C:31]#[N:32])[N:41]([H:42])[H:43])([H:11])[C:21]([H:22])([H:23])[H:24].[Cl-:2]>>[Br-:1].[Cl:2][C@@:5]([C@:4]([H:3])([C:31]#[N:32])[N:41]([H:42])[H:43])([H:11])[C:21]([H:22])([H:23])[H:24],24.07910955589991
[Cl:1][C:5]([C:4]([H:3])([C:31]#[N:32])[C:41]#[N:42])([N:11]([H:12])[H:13])[N:21]([H:22])[H:23].[F-:2]>>[Cl-:1].[F:2][C:5]([C:4]([H:3])([C:31]#[N:32])[C:41]#[N:42])([N:11]([H:12])[H:13])[N:21]([H:22])[H:23],32.109558133106475
[Br:1][C@:5]([C@:4]([H:3])([C:31]#[N:32])[C:41]([H:42])([H:43])[H:44])([H:11])[C:21]([H:22])([H:23])[H:24].[H-:2]>>[Br-:1].[H:2][C:5]([C@:4]([H:3])([C:31]#[N:32])[C:41]([H:42])([H:43])[H:44])([H:11])[C:21]([H:22])([H:23])[H:24],7.090461939529267
[Cl-:2].[F:1][C@:5]([C:4]([H:3])([N:31]([H:32])[H:33])[H:41])([N+:11]([O-:12])[O:13])[H:21]>>[Cl:2][C@@:5]([C:4]([H:3])([N:31]([H:32])[H:33])[H:41])([N+:11]([O-:12])[O:13])[H:21].[F-:1],45.90539957348151
[F:1][C@:5]([C@:4]([H:3])([N:31]([H:32])[H:33])[C:41]#[N:42])([H:11])[N:21]([H:22])[H:23].[H-:2]>>[F-:1].[H:2][C:5]([C@:4]([H:3])([N:31]([H:32])[H:33])[C:41]#[N:42])([H:11])[N:21]([H:22])[H:23],28.102939218401573
[Cl:1][C@:5]([C:4]([H:3])([N+:31]([O-:32])[O:33])[H:41])([N:11]([H:12])[H:13])[H:21].[F-:2]>>[Cl-:1].[F:2][C@@:5]([C:4]([H:3])([N+:31]([O-:32])[O:33])[H:41])([N:11]([H:12])[H:13])[H:21],18.356595567353583
[Br-:2].[Cl:1][C:5]([C:4]([H:3])([N+:31]([O-:32])[O:33])[N+:41]([O-:42])[O:43])([H:11])[H:21]>>[Br:2][C:5]([C:4]([H:3])([N+:31]([O-:32])[O:33])[N+:41]([O-:42])[O:43])([H:11])[H:21].[Cl-:1],31.14468650099404
[Br:1][C@:5]([C@:4]([H:3])([N+:31]([O-:32])[O:33])[C:41]([H:42])([H:43])[H:44])([H:11])[C:21]([H:22])([H:23])[H:24].[F-:2]>>[Br-:1].[F:2][C@@:5]([C@:4]([H:3])([N+:31]([O-:32])[O:33])[C:41]([H:42])([H:43])[H:44])([H:11])[C:21]([H:22])([H:23])[H:24],10.524869182867302
[Br:1][C@:5]([C@:4]([H:3])([C:31]#[N:32])[C:41]([H:42])([H:43])[H:44])([H:11])[N:21]([H:22])[H:23].[F-:2]>>[Br-:1].[F:2][C@@:5]([C@:4]([H:3])([C:31]#[N:32])[C:41]([H:42])([H:43])[H:44])([H:11])[N:21]([H:22])[H:23],14.392637068977166
[F-:2].[F:1][C@:5]([C:4]([H:3])([N:31]([H:32])[H:33])[H:41])([N+:11]([O-:12])[O:13])[H:21]>>[F-:1].[F:2][C@@:5]([C:4]([H:3])([N:31]([H:32])[H:33])[H:41])([N+:11]([O-:12])[O:13])[H:21],27.07331817344884
[Br-:2].[Br:1][C@:5]([C:4]([H:3])([H:31])[N:41]([H:42])[H:43])([C:11]#[N:12])[H:21]>>[Br-:1].[Br:2][C@@:5]([C:4]([H:3])([H:31])[N:41]([H:42])[H:43])([C:11]#[N:12])[H:21],29.311137834643606
[F:1][C@:5]([C@:4]([H:3])([C:31]#[N:32])[C:41]([H:42])([H:43])[H:44])([H:11])[N+:21]([O-:22])[O:23].[H-:2]>>[F-:1].[H:2][C:5]([C@:4]([H:3])([C:31]#[N:32])[C:41]([H:42])([H:43])[H:44])([H:11])[N+:21]([O-:22])[O:23],2.4420649997920254
[Cl-:2].[F:1][C@:5]([C:4]([H:3])([H:31])[C:41]([H:42])([H:43])[H:44])([C:11]#[N:12])[N+:21]([O-:22])[O:23]>>[Cl:2][C@@:5]([C:4]([H:3])([H:31])[C:41]([H:42])([H:43])[H:44])([C:11]#[N:12])[N+:21]([O-:22])[O:23].[F-:1],30.551025182297213
[Cl-:2].[F:1][C:5]([C@:4]([H:3])([C:31]([H:32])([H:33])[H:34])[C:41]#[N:42])([C:11]([H:12])([H:13])[H:14])[C:21]([H:22])([H:23])[H:24]>>[Cl:2][C:5]([C@:4]([H:3])([C:31]([H:32])([H:33])[H:34])[C:41]#[N:42])([C:11]([H:12])([H:13])[H:14])[C:21]([H:22])([H:23])[H:24].[F-:1],53.0103023733576
[F-:2].[F:1][C@:5]([C:4]([H:3])([C:31]([H:32])([H:33])[H:34])[C:41]([H:42])([H:43])[H:44])([C:11]([H:12])([H:13])[H:14])[C:21]#[N:22]>>[F-:1].[F:2][C@@:5]([C:4]([H:3])([C:31]([H:32])([H:33])[H:34])[C:41]([H:42])([H:43])[H:44])([C:11]([H:12])([H:13])[H:14])[C:21]#[N:22],22.03678672349196
[Cl-:2].[Cl:1][C@:5]([C:4]([H:3])([N+:31]([O-:32])[O:33])[H:41])([H:11])[C:21]#[N:22]>>[Cl-:1].[Cl:2][C@@:5]([C:4]([H:3])([N+:31]([O-:32])[O:33])[H:41])([H:11])[C:21]#[N:22],23.38978401621933
[Br:1][C@:5]([C@:4]([H:3])([N:31]([H:32])[H:33])[N+:41]([O-:42])[O:43])([N+:11]([O-:12])[O:13])[N:21]([H:22])[H:23].[F-:2]>>[Br-:1].[F:2][C@@:5]([C@:4]([H:3])([N:31]([H:32])[H:33])[N+:41]([O-:42])[O:43])([N+:11]([O-:12])[O:13])[N:21]([H:22])[H:23],17.318767855944053
[Br:1][C@:5]([C:4]([H:3])([H:31])[C:41]#[N:42])([C:11]#[N:12])[N+:21]([O-:22])[O:23].[Cl-:2]>>[Br-:1].[Cl:2][C@@:5]([C:4]([H:3])([H:31])[C:41]#[N:42])([C:11]#[N:12])[N+:21]([O-:22])[O:23],17.878700948822672
[Cl:1][C@:5]([C:4]([H:3])([H:31])[C:41]#[N:42])([C:11]#[N:12])[N:21]([H:22])[H:23].[H-:2]>>[Cl-:1].[H:2][C@@:5]([C:4]([H:3])([H:31])[C:41]#[N:42])([C:11]#[N:12])[N:21]([H:22])[H:23],11.24305580289197
[Br:1][C@:5]([C@:4]([H:3])([C:31]#[N:32])[N:41]([H:42])[H:43])([C:11]([H:12])([H:13])[H:14])[H:21].[F-:2]>>[Br-:1].[F:2][C@@:5]([C@:4]([H:3])([C:31]#[N:32])[N:41]([H:42])[H:43])([C:11]([H:12])([H:13])[H:14])[H:21],15.300046518470502
[F-:2].[F:1][C@:5]([C:4]([H:3])([C:31]#[N:32])[H:41])([N+:11]([O-:12])[O:13])[H:21]>>[F-:1].[F:2][C@@:5]([C:4]([H:3])([C:31]#[N:32])[H:41])([N+:11]([O-:12])[O:13])[H:21],16.60454463254428
[Br:1][C@:5]([C@:4]([H:3])([C:31]([H:32])([H:33])[H:34])[N+:41]([O-:42])[O:43])([H:11])[N:21]([H:22])[H:23].[F-:2]>>[Br-:1].[F:2][C@@:5]([C@:4]([H:3])([C:31]([H:32])([H:33])[H:34])[N+:41]([O-:42])[O:43])([H:11])[N:21]([H:22])[H:23],18.325259449537008
[Br-:2].[Br:1][C:5]([C@:4]([H:3])([C:31]#[N:32])[N:41]([H:42])[H:43])([H:11])[H:21]>>[Br-:1].[Br:2][C:5]([C@:4]([H:3])([C:31]#[N:32])[N:41]([H:42])[H:43])([H:11])[H:21],27.783655378864086
[Cl:1][C@:5]([C:4]([H:3])([N:31]([H:32])[H:33])[H:41])([C:11]#[N:12])[H:21].[H-:2]>>[Cl-:1].[H:2][C:5]([C:4]([H:3])([N:31]([H:32])[H:33])[H:41])([C:11]#[N:12])[H:21],6.577330593139241
[F-:2].[F:1][C@:5]([C@:4]([H:3])([C:31]([H:32])([H:33])[H:34])[C:41]#[N:42])([C:11]#[N:12])[N:21]([H:22])[H:23]>>[F-:1].[F:2][C@@:5]([C@:4]([H:3])([C:31]([H:32])([H:33])[H:34])[C:41]#[N:42])([C:11]#[N:12])[N:21]([H:22])[H:23],34.15421392825668
[Cl-:2].[F:1][C@:5]([C:4]([H:3])([H:31])[C:41]([H:42])([H:43])[H:44])([C:11]#[N:12])[C:21]([H:22])([H:23])[H:24]>>[Cl:2][C@@:5]([C:4]([H:3])([H:31])[C:41]([H:42])([H:43])[H:44])([C:11]#[N:12])[C:21]([H:22])([H:23])[H:24].[F-:1],40.0010887484385
[Br:1][C@:5]([C:4]([H:3])([N+:31]([O-:32])[O:33])[H:41])([C:11]#[N:12])[N:21]([H:22])[H:23].[H-:2]>>[Br-:1].[H:2][C@@:5]([C:4]([H:3])([N+:31]([O-:32])[O:33])[H:41])([C:11]#[N:12])[N:21]([H:22])[H:23],8.319706311724289
[Cl:1][C@:5]([C@:4]([H:3])([C:31]#[N:32])[C:41]([H:42])([H:43])[H:44])([C:11]#[N:12])[C:21]([H:22])([H:23])[H:24].[H-:2]>>[Cl-:1].[H:2][C@@:5]([C@:4]([H:3])([C:31]#[N:32])[C:41]([H:42])([H:43])[H:44])([C:11]#[N:12])[C:21]([H:22])([H:23])[H:24],0.2592854901127026
[Br:1][C@:5]([C:4]([H:3])([N+:31]([O-:32])[O:33])[H:41])([C:11]([H:12])([H:13])[H:14])[C:21]#[N:22].[H-:2]>>[Br-:1].[H:2][C@@:5]([C:4]([H:3])([N+:31]([O-:32])[O:33])[H:41])([C:11]([H:12])([H:13])[H:14])[C:21]#[N:22],4.763231060589659
[Br:1][C@:5]([C@:4]([H:3])([N+:31]([O-:32])[O:33])[N:41]([H:42])[H:43])([C:11]#[N:12])[H:21].[Cl-:2]>>[Br-:1].[Cl:2][C@@:5]([C@:4]([H:3])([N+:31]([O-:32])[O:33])[N:41]([H:42])[H:43])([C:11]#[N:12])[H:21],22.0470522089214
[Br-:2].[Br:1][C@:5]([C@:4]([H:3])([C:31]#[N:32])[N+:41]([O-:42])[O:43])([H:11])[C:21]([H:22])([H:23])[H:24]>>[Br-:1].[Br:2][C@@:5]([C@:4]([H:3])([C:31]#[N:32])[N+:41]([O-:42])[O:43])([H:11])[C:21]([H:22])([H:23])[H:24],30.591613839728545
[F-:2].[F:1][C@:5]([C@:4]([H:3])([N+:31]([O-:32])[O:33])[N:41]([H:42])[H:43])([N+:11]([O-:12])[O:13])[H:21]>>[F-:1].[F:2][C@@:5]([C@:4]([H:3])([N+:31]([O-:32])[O:33])[N:41]([H:42])[H:43])([N+:11]([O-:12])[O:13])[H:21],25.806002835261097
[Cl-:2].[Cl:1][C@:5]([C@:4]([H:3])([N+:31]([O-:32])[O:33])[N:41]([H:42])[H:43])([H:11])[C:21]#[N:22]>>[Cl-:1].[Cl:2][C@@:5]([C@:4]([H:3])([N+:31]([O-:32])[O:33])[N:41]([H:42])[H:43])([H:11])[C:21]#[N:22],26.45727945324513
[Cl:1][C@:5]([C:4]([H:3])([N:31]([H:32])[H:33])[N:41]([H:42])[H:43])([H:11])[N:21]([H:22])[H:23].[F-:2]>>[Cl-:1].[F:2][C@@:5]([C:4]([H:3])([N:31]([H:32])[H:33])[N:41]([H:42])[H:43])([H:11])[N:21]([H:22])[H:23],31.28321837999127
[Cl:1][C@:5]([C@:4]([H:3])([C:31]([H:32])([H:33])[H:34])[C:41]#[N:42])([N+:11]([O-:12])[O:13])[C:21]([H:22])([H:23])[H:24].[F-:2]>>[Cl-:1].[F:2][C@@:5]([C@:4]([H:3])([C:31]([H:32])([H:33])[H:34])[C:41]#[N:42])([N+:11]([O-:12])[O:13])[C:21]([H:22])([H:23])[H:24],18.88986764367668
[Br:1][C@:5]([C:4]([H:3])([N:31]([H:32])[H:33])[H:41])([H:11])[C:21]#[N:22].[Cl-:2]>>[Br-:1].[Cl:2][C@@:5]([C:4]([H:3])([N:31]([H:32])[H:33])[H:41])([H:11])[C:21]#[N:22],20.29230085592205
[Br:1][C@:5]([C@:4]([H:3])([C:31]([H:32])([H:33])[H:34])[N:41]([H:42])[H:43])([N+:11]([O-:12])[O:13])[N:21]([H:22])[H:23].[F-:2]>>[Br-:1].[F:2][C@@:5]([C@:4]([H:3])([C:31]([H:32])([H:33])[H:34])[N:41]([H:42])[H:43])([N+:11]([O-:12])[O:13])[N:21]([H:22])[H:23],25.35297236387973
[Cl-:2].[F:1][C:5]([C:4]([H:3])([C:31]([H:32])([H:33])[H:34])[C:41]([H:42])([H:43])[H:44])([H:11])[H:21]>>[Cl:2][C:5]([C:4]([H:3])([C:31]([H:32])([H:33])[H:34])[C:41]([H:42])([H:43])[H:44])([H:11])[H:21].[F-:1],37.5579144660468
[Cl-:2].[F:1][C@:5]([C@:4]([H:3])([C:31]([H:32])([H:33])[H:34])[N+:41]([O-:42])[O:43])([C:11]([H:12])([H:13])[H:14])[C:21]#[N:22]>>[Cl:2][C@@:5]([C@:4]([H:3])([C:31]([H:32])([H:33])[H:34])[N+:41]([O-:42])[O:43])([C:11]([H:12])([H:13])[H:14])[C:21]#[N:22].[F-:1],39.99290129793097
[F:1][C@:5]([C@:4]([H:3])([C:31]([H:32])([H:33])[H:34])[C:41]#[N:42])([C:11]([H:12])([H:13])[H:14])[H:21].[H-:2]>>[F-:1].[H:2][C:5]([C@:4]([H:3])([C:31]([H:32])([H:33])[H:34])[C:41]#[N:42])([C:11]([H:12])([H:13])[H:14])[H:21],19.360126201064595
[Br:1][C@:5]([C:4]([H:3])([C:31]([H:32])([H:33])[H:34])[H:41])([C:11]#[N:12])[N+:21]([O-:22])[O:23].[Cl-:2]>>[Br-:1].[Cl:2][C@@:5]([C:4]([H:3])([C:31]([H:32])([H:33])[H:34])[H:41])([C:11]#[N:12])[N+:21]([O-:22])[O:23],18.20641316411516
[Br:1][C@:5]([C@:4]([H:3])([N:31]([H:32])[H:33])[N+:41]([O-:42])[O:43])([C:11]#[N:12])[H:21].[H-:2]>>[Br-:1].[H:2][C:5]([C@:4]([H:3])([N:31]([H:32])[H:33])[N+:41]([O-:42])[O:43])([C:11]#[N:12])[H:21],7.923999242931491
[F-:2].[F:1][C@:5]([C:4]([H:3])([N:31]([H:32])[H:33])[N:41]([H:42])[H:43])([N+:11]([O-:12])[O:13])[H:21]>>[F-:1].[F:2][C@@:5]([C:4]([H:3])([N:31]([H:32])[H:33])[N:41]([H:42])[H:43])([N+:11]([O-:12])[O:13])[H:21],29.560249390308925
[F:1][C@:5]([C@:4]([H:3])([N+:31]([O-:32])[O:33])[C:41]([H:42])([H:43])[H:44])([C:11]([H:12])([H:13])[H:14])[N:21]([H:22])[H:23].[H-:2]>>[F-:1].[H:2][C@@:5]([C@:4]([H:3])([N+:31]([O-:32])[O:33])[C:41]([H:42])([H:43])[H:44])([C:11]([H:12])([H:13])[H:14])[N:21]([H:22])[H:23],37.21319981289353
[F-:2].[F:1][C@:5]([C@:4]([H:3])([C:31]#[N:32])[C:41]([H:42])([H:43])[H:44])([C:11]([H:12])([H:13])[H:14])[H:21]>>[F-:1].[F:2][C@@:5]([C@:4]([H:3])([C:31]#[N:32])[C:41]([H:42])([H:43])[H:44])([C:11]([H:12])([H:13])[H:14])[H:21],26.01268378100804
[Br-:2].[Br:1][C@:5]([C:4]([H:3])([H:31])[C:41]([H:42])([H:43])[H:44])([H:11])[C:21]([H:22])([H:23])[H:24]>>[Br-:1].[Br:2][C@@:5]([C:4]([H:3])([H:31])[C:41]([H:42])([H:43])[H:44])([H:11])[C:21]([H:22])([H:23])[H:24],24.141103511775107
[Cl:1][C@:5]([C@:4]([H:3])([C:31]([H:32])([H:33])[H:34])[C:41]#[N:42])([C:11]#[N:12])[N:21]([H:22])[H:23].[F-:2]>>[Cl-:1].[F:2][C@@:5]([C@:4]([H:3])([C:31]([H:32])([H:33])[H:34])[C:41]#[N:42])([C:11]#[N:12])[N:21]([H:22])[H:23],25.66061594303093
[Cl-:2].[F:1][C@:5]([C:4]([H:3])([H:31])[N:41]([H:42])[H:43])([C:11]#[N:12])[H:21]>>[Cl:2][C@@:5]([C:4]([H:3])([H:31])[N:41]([H:42])[H:43])([C:11]#[N:12])[H:21].[F-:1],42.44667162065817
[Cl-:2].[Cl:1][C:5]([C:4]([H:3])([H:31])[H:41])([C:11]([H:12])([H:13])[H:14])[C:21]([H:22])([H:23])[H:24]>>[Cl-:1].[Cl:2][C:5]([C:4]([H:3])([H:31])[H:41])([C:11]([H:12])([H:13])[H:14])[C:21]([H:22])([H:23])[H:24],31.67420118108844
[Br:1][C:5]([C@:4]([H:3])([N:31]([H:32])[H:33])[C:41]#[N:42])([C:11]([H:12])([H:13])[H:14])[C:21]([H:22])([H:23])[H:24].[H-:2]>>[Br-:1].[H:2][C:5]([C@:4]([H:3])([N:31]([H:32])[H:33])[C:41]#[N:42])([C:11]([H:12])([H:13])[H:14])[C:21]([H:22])([H:23])[H:24],22.64887554138318
[F:1][C@:5]([C@:4]([H:3])([C:31]([H:32])([H:33])[H:34])[N+:41]([O-:42])[O:43])([N:11]([H:12])[H:13])[H:21].[H-:2]>>[F-:1].[H:2][C:5]([C@:4]([H:3])([C:31]([H:32])([H:33])[H:34])[N+:41]([O-:42])[O:43])([N:11]([H:12])[H:13])[H:21],25.20152523088653
[Br-:2].[Br:1][C@:5]([C@:4]([H:3])([C:31]([H:32])([H:33])[H:34])[N:41]([H:42])[H:43])([H:11])[C:21]#[N:22]>>[Br-:1].[Br:2][C@@:5]([C@:4]([H:3])([C:31]([H:32])([H:33])[H:34])[N:41]([H:42])[H:43])([H:11])[C:21]#[N:22],24.622621068514825
[Cl:1][C@:5]([C:4]([H:3])([H:31])[C:41]#[N:42])([C:11]([H:12])([H:13])[H:14])[H:21].[F-:2]>>[Cl-:1].[F:2][C@@:5]([C:4]([H:3])([H:31])[C:41]#[N:42])([C:11]([H:12])([H:13])[H:14])[H:21],15.62485866034804
[Cl:1][C@:5]([C:4]([H:3])([C:31]#[N:32])[H:41])([C:11]([H:12])([H:13])[H:14])[C:21]#[N:22].[H-:2]>>[Cl-:1].[H:2][C@@:5]([C:4]([H:3])([C:31]#[N:32])[H:41])([C:11]([H:12])([H:13])[H:14])[C:21]#[N:22],0.7197722719945758
[Cl:1][C@:5]([C@:4]([H:3])([N+:31]([O-:32])[O:33])[N:41]([H:42])[H:43])([C:11]([H:12])([H:13])[H:14])[C:21]#[N:22].[F-:2]>>[Cl-:1].[F:2][C@@:5]([C@:4]([H:3])([N+:31]([O-:32])[O:33])[N:41]([H:42])[H:43])([C:11]([H:12])([H:13])[H:14])[C:21]#[N:22],20.637050015045627
[Cl:1][C:5]([C:4]([H:3])([H:31])[H:41])([C:11]([H:12])([H:13])[H:14])[H:21].[H-:2]>>[Cl-:1].[H:2][C:5]([C:4]([H:3])([H:31])[H:41])([C:11]([H:12])([H:13])[H:14])[H:21],8.57488184949764
[Cl-:2].[F:1][C@:5]([C@:4]([H:3])([N:31]([H:32])[H:33])[N+:41]([O-:42])[O:43])([C:11]([H:12])([H:13])[H:14])[H:21]>>[Cl:2][C@@:5]([C@:4]([H:3])([N:31]([H:32])[H:33])[N+:41]([O-:42])[O:43])([C:11]([H:12])([H:13])[H:14])[H:21].[F-:1],42.469252300677
[F-:2].[F:1][C:5]([C@:4]([H:3])([C:31]#[N:32])[N:41]([H:42])[H:43])([N:11]([H:12])[H:13])[N:21]([H:22])[H:23]>>[F-:1].[F:2][C:5]([C@:4]([H:3])([C:31]#[N:32])[N:41]([H:42])[H:43])([N:11]([H:12])[H:13])[N:21]([H:22])[H:23],48.31204057981783
[Cl:1][C@:5]([C:4]([H:3])([N+:31]([O-:32])[O:33])[H:41])([N+:11]([O-:12])[O:13])[N:21]([H:22])[H:23].[F-:2]>>[Cl-:1].[F:2][C@@:5]([C:4]([H:3])([N+:31]([O-:32])[O:33])[H:41])([N+:11]([O-:12])[O:13])[N:21]([H:22])[H:23],19.947263545802294
[Cl-:2].[Cl:1][C@:5]([C@:4]([H:3])([C:31]([H:32])([H:33])[H:34])[C:41]#[N:42])([C:11]([H:12])([H:13])[H:14])[C:21]#[N:22]>>[Cl-:1].[Cl:2][C@@:5]([C@:4]([H:3])([C:31]([H:32])([H:33])[H:34])[C:41]#[N:42])([C:11]([H:12])([H:13])[H:14])[C:21]#[N:22],33.30281030620492
[Br:1][C@:5]([C:4]([H:3])([H:31])[N:41]([H:42])[H:43])([H:11])[C:21]([H:22])([H:23])[H:24].[H-:2]>>[Br-:1].[H:2][C:5]([C:4]([H:3])([H:31])[N:41]([H:42])[H:43])([H:11])[C:21]([H:22])([H:23])[H:24],15.809125571331265
[F-:2].[F:1][C@:5]([C:4]([H:3])([N:31]([H:32])[H:33])[H:41])([N:11]([H:12])[H:13])[C:21]([H:22])([H:23])[H:24]>>[F-:1].[F:2][C@@:5]([C:4]([H:3])([N:31]([H:32])[H:33])[H:41])([N:11]([H:12])[H:13])[C:21]([H:22])([H:23])[H:24],44.79253877296291
[F:1][C@:5]([C:4]([H:3])([H:31])[C:41]#[N:42])([N:11]([H:12])[H:13])[N+:21]([O-:22])[O:23].[H-:2]>>[F-:1].[H:2][C@@:5]([C:4]([H:3])([H:31])[C:41]#[N:42])([N:11]([H:12])[H:13])[N+:21]([O-:22])[O:23],19.643948349161715
[Br:1][C@:5]([C@:4]([H:3])([N+:31]([O-:32])[O:33])[N:41]([H:42])[H:43])([H:11])[C:21]#[N:22].[F-:2]>>[Br-:1].[F:2][C@@:5]([C@:4]([H:3])([N+:31]([O-:32])[O:33])[N:41]([H:42])[H:43])([H:11])[C:21]#[N:22],16.75941558794798
[Cl:1][C@:5]([C@:4]([H:3])([N:31]([H:32])[H:33])[C:41]([H:42])([H:43])[H:44])([N:11]([H:12])[H:13])[N+:21]([O-:22])[O:23].[H-:2]>>[Cl-:1].[H:2][C@@:5]([C@:4]([H:3])([N:31]([H:32])[H:33])[C:41]([H:42])([H:43])[H:44])([N:11]([H:12])[H:13])[N+:21]([O-:22])[O:23],20.788019763105584
[Br-:2].[F:1][C@:5]([C:4]([H:3])([N:31]([H:32])[H:33])[H:41])([H:11])[C:21]([H:22])([H:23])[H:24]>>[Br:2][C@@:5]([C:4]([H:3])([N:31]([H:32])[H:33])[H:41])([H:11])[C:21]([H:22])([H:23])[H:24].[F-:1],48.10250090605373
[Cl:1][C@:5]([C:4]([H:3])([H:31])[C:41]([H:42])([H:43])[H:44])([N+:11]([O-:12])[O:13])[H:21].[F-:2]>>[Cl-:1].[F:2][C@@:5]([C:4]([H:3])([H:31])[C:41]([H:42])([H:43])[H:44])([N+:11]([O-:12])[O:13])[H:21],7.918874299425224
[F-:2].[F:1][C@:5]([C@:4]([H:3])([C:31]#[N:32])[N:41]([H:42])[H:43])([C:11]([H:12])([H:13])[H:14])[C:21]#[N:22]>>[F-:1].[F:2][C@@:5]([C@:4]([H:3])([C:31]#[N:32])[N:41]([H:42])[H:43])([C:11]([H:12])([H:13])[H:14])[C:21]#[N:22],27.92540630229033
[Br-:2].[F:1][C@:5]([C:4]([H:3])([C:31]#[N:32])[H:41])([N:11]([H:12])[H:13])[H:21]>>[Br:2][C@@:5]([C:4]([H:3])([C:31]#[N:32])[H:41])([N:11]([H:12])[H:13])[H:21].[F-:1],50.97948374098488
[F-:2].[F:1][C@:5]([C:4]([H:3])([C:31]#[N:32])[H:41])([N:11]([H:12])[H:13])[C:21]#[N:22]>>[F-:1].[F:2][C@@:5]([C:4]([H:3])([C:31]#[N:32])[H:41])([N:11]([H:12])[H:13])[C:21]#[N:22],32.55820808296483
[F:1][C@:5]([C@:4]([H:3])([C:31]([H:32])([H:33])[H:34])[N:41]([H:42])[H:43])([C:11]#[N:12])[H:21].[H-:2]>>[F-:1].[H:2][C:5]([C@:4]([H:3])([C:31]([H:32])([H:33])[H:34])[N:41]([H:42])[H:43])([C:11]#[N:12])[H:21],16.554918404863535
[Cl-:2].[Cl:1][C@:5]([C@:4]([H:3])([C:31]#[N:32])[N:41]([H:42])[H:43])([H:11])[C:21]([H:22])([H:23])[H:24]>>[Cl-:1].[Cl:2][C@@:5]([C@:4]([H:3])([C:31]#[N:32])[N:41]([H:42])[H:43])([H:11])[C:21]([H:22])([H:23])[H:24],26.03898532899301
[Cl:1][C@:5]([C@:4]([H:3])([N:31]([H:32])[H:33])[N+:41]([O-:42])[O:43])([H:11])[C:21]([H:22])([H:23])[H:24].[H-:2]>>[Cl-:1].[H:2][C:5]([C@:4]([H:3])([N:31]([H:32])[H:33])[N+:41]([O-:42])[O:43])([H:11])[C:21]([H:22])([H:23])[H:24],13.48896704553577
[Br:1][C@:5]([C@:4]([H:3])([C:31]([H:32])([H:33])[H:34])[N:41]([H:42])[H:43])([H:11])[C:21]([H:22])([H:23])[H:24].[F-:2]>>[Br-:1].[F:2][C@@:5]([C@:4]([H:3])([C:31]([H:32])([H:33])[H:34])[N:41]([H:42])[H:43])([H:11])[C:21]([H:22])([H:23])[H:24],21.804506247982047
[Br:1][C@:5]([C:4]([H:3])([H:31])[C:41]([H:42])([H:43])[H:44])([H:11])[N:21]([H:22])[H:23].[F-:2]>>[Br-:1].[F:2][C@@:5]([C:4]([H:3])([H:31])[C:41]([H:42])([H:43])[H:44])([H:11])[N:21]([H:22])[H:23],10.240698619924212
[Br-:2].[Cl:1][C:5]([C@:4]([H:3])([N:31]([H:32])[H:33])[N+:41]([O-:42])[O:43])([H:11])[H:21]>>[Br:2][C:5]([C@:4]([H:3])([N:31]([H:32])[H:33])[N+:41]([O-:42])[O:43])([H:11])[H:21].[Cl-:1],33.90876725837074
[Br:1][C@:5]([C:4]([H:3])([H:31])[N:41]([H:42])[H:43])([N:11]([H:12])[H:13])[N+:21]([O-:22])[O:23].[Cl-:2]>>[Br-:1].[Cl:2][C@@:5]([C:4]([H:3])([H:31])[N:41]([H:42])[H:43])([N:11]([H:12])[H:13])[N+:21]([O-:22])[O:23],34.2493034260752
[Br:1][C@:5]([C:4]([H:3])([H:31])[N:41]([H:42])[H:43])([H:11])[C:21]#[N:22].[Cl-:2]>>[Br-:1].[Cl:2][C@@:5]([C:4]([H:3])([H:31])[N:41]([H:42])[H:43])([H:11])[C:21]#[N:22],23.25501256942581
[F:1][C@:5]([C:4]([H:3])([C:31]([H:32])([H:33])[H:34])[H:41])([H:11])[C:21]([H:22])([H:23])[H:24].[H-:2]>>[F-:1].[H:2][C:5]([C:4]([H:3])([C:31]([H:32])([H:33])[H:34])[H:41])([H:11])[C:21]([H:22])([H:23])[H:24],20.925159089596967
[F:1][C:5]([C@:4]([H:3])([C:31]([H:32])([H:33])[H:34])[C:41]#[N:42])([C:11]#[N:12])[C:21]#[N:22].[H-:2]>>[F-:1].[H:2][C:5]([C@:4]([H:3])([C:31]([H:32])([H:33])[H:34])[C:41]#[N:42])([C:11]#[N:12])[C:21]#[N:22],1.235867031501555
[Br:1][C@:5]([C@:4]([H:3])([C:31]([H:32])([H:33])[H:34])[N+:41]([O-:42])[O:43])([C:11]#[N:12])[H:21].[F-:2]>>[Br-:1].[F:2][C@@:5]([C@:4]([H:3])([C:31]([H:32])([H:33])[H:34])[N+:41]([O-:42])[O:43])([C:11]#[N:12])[H:21],11.985160465548544
[Cl:1][C@:5]([C:4]([H:3])([H:31])[C:41]#[N:42])([N+:11]([O-:12])[O:13])[C:21]([H:22])([H:23])[H:24].[F-:2]>>[Cl-:1].[F:2][C@@:5]([C:4]([H:3])([H:31])[C:41]#[N:42])([N+:11]([O-:12])[O:13])[C:21]([H:22])([H:23])[H:24],17.38312432761439
[Cl-:2].[F:1][C@:5]([C:4]([H:3])([H:31])[C:41]([H:42])([H:43])[H:44])([N:11]([H:12])[H:13])[C:21]#[N:22]>>[Cl:2][C@@:5]([C:4]([H:3])([H:31])[C:41]([H:42])([H:43])[H:44])([N:11]([H:12])[H:13])[C:21]#[N:22].[F-:1],50.97788618567056
[Cl-:2].[Cl:1][C@:5]([C@:4]([H:3])([C:31]#[N:32])[N:41]([H:42])[H:43])([C:11]([H:12])([H:13])[H:14])[H:21]>>[Cl-:1].[Cl:2][C@@:5]([C@:4]([H:3])([C:31]#[N:32])[N:41]([H:42])[H:43])([C:11]([H:12])([H:13])[H:14])[H:21],27.44430059454184
[Br-:2].[Br:1][C:5]([C@:4]([H:3])([C:31]#[N:32])[C:41]([H:42])([H:43])[H:44])([H:11])[H:21]>>[Br-:1].[Br:2][C:5]([C@:4]([H:3])([C:31]#[N:32])[C:41]([H:42])([H:43])[H:44])([H:11])[H:21],25.34249040390918
[Cl:1][C@:5]([C@:4]([H:3])([C:31]([H:32])([H:33])[H:34])[N:41]([H:42])[H:43])([H:11])[N+:21]([O-:22])[O:23].[H-:2]>>[Cl-:1].[H:2][C:5]([C@:4]([H:3])([C:31]([H:32])([H:33])[H:34])[N:41]([H:42])[H:43])([H:11])[N+:21]([O-:22])[O:23],8.784393543456444
[Br:1][C:5]([C@:4]([H:3])([N:31]([H:32])[H:33])[N+:41]([O-:42])[O:43])([H:11])[H:21].[H-:2]>>[Br-:1].[H:2][C:5]([C@:4]([H:3])([N:31]([H:32])[H:33])[N+:41]([O-:42])[O:43])([H:11])[H:21],10.247301611874216
[Cl:1][C@:5]([C@:4]([H:3])([C:31]#[N:32])[N:41]([H:42])[H:43])([H:11])[N:21]([H:22])[H:23].[H-:2]>>[Cl-:1].[H:2][C:5]([C@:4]([H:3])([C:31]#[N:32])[N:41]([H:42])[H:43])([H:11])[N:21]([H:22])[H:23],17.63147710572341
[Cl-:2].[Cl:1][C@:5]([C@:4]([H:3])([C:31]([H:32])([H:33])[H:34])[C:41]#[N:42])([H:11])[C:21]#[N:22]>>[Cl-:1].[Cl:2][C@@:5]([C@:4]([H:3])([C:31]([H:32])([H:33])[H:34])[C:41]#[N:42])([H:11])[C:21]#[N:22],25.09885157337225
[F:1][C@:5]([C@:4]([H:3])([C:31]([H:32])([H:33])[H:34])[N:41]([H:42])[H:43])([N+:11]([O-:12])[O:13])[C:21]([H:22])([H:23])[H:24].[H-:2]>>[F-:1].[H:2][C@@:5]([C@:4]([H:3])([C:31]([H:32])([H:33])[H:34])[N:41]([H:42])[H:43])([N+:11]([O-:12])[O:13])[C:21]([H:22])([H:23])[H:24],14.316423769591555
[Cl-:2].[F:1][C@:5]([C@:4]([H:3])([N+:31]([O-:32])[O:33])[N:41]([H:42])[H:43])([C:11]([H:12])([H:13])[H:14])[C:21]#[N:22]>>[Cl:2][C@@:5]([C@:4]([H:3])([N+:31]([O-:32])[O:33])[N:41]([H:42])[H:43])([C:11]([H:12])([H:13])[H:14])[C:21]#[N:22].[F-:1],43.76228500895503
[Cl:1][C@:5]([C@:4]([H:3])([C:31]#[N:32])[N:41]([H:42])[H:43])([N:11]([H:12])[H:13])[C:21]([H:22])([H:23])[H:24].[H-:2]>>[Cl-:1].[H:2][C@@:5]([C@:4]([H:3])([C:31]#[N:32])[N:41]([H:42])[H:43])([N:11]([H:12])[H:13])[C:21]([H:22])([H:23])[H:24],15.825844028760963
[Br:1][C@:5]([C@:4]([H:3])([C:31]([H:32])([H:33])[H:34])[N+:41]([O-:42])[O:43])([C:11]#[N:12])[N:21]([H:22])[H:23].[F-:2]>>[Br-:1].[F:2][C@@:5]([C@:4]([H:3])([C:31]([H:32])([H:33])[H:34])[N+:41]([O-:42])[O:43])([C:11]#[N:12])[N:21]([H:22])[H:23],17.59717917588328
[Cl:1][C@:5]([C@:4]([H:3])([C:31]([H:32])([H:33])[H:34])[N+:41]([O-:42])[O:43])([N:11]([H:12])[H:13])[C:21]#[N:22].[H-:2]>>[Cl-:1].[H:2][C@@:5]([C@:4]([H:3])([C:31]([H:32])([H:33])[H:34])[N+:41]([O-:42])[O:43])([N:11]([H:12])[H:13])[C:21]#[N:22],8.42110408916854
[F-:2].[F:1][C@:5]([C:4]([H:3])([C:31]#[N:32])[C:41]#[N:42])([H:11])[N+:21]([O-:22])[O:23]>>[F-:1].[F:2][C@@:5]([C:4]([H:3])([C:31]#[N:32])[C:41]#[N:42])([H:11])[N+:21]([O-:22])[O:23],9.218248856867469
[Cl:1][C@:5]([C@:4]([H:3])([N+:31]([O-:32])[O:33])[C:41]#[N:42])([C:11]([H:12])([H:13])[H:14])[C:21]#[N:22].[F-:2]>>[Cl-:1].[F:2][C@@:5]([C@:4]([H:3])([N+:31]([O-:32])[O:33])[C:41]#[N:42])([C:11]([H:12])([H:13])[H:14])[C:21]#[N:22],6.405425966935907
[F-:2].[F:1][C@:5]([C:4]([H:3])([H:31])[N+:41]([O-:42])[O:43])([C:11]#[N:12])[N:21]([H:22])[H:23]>>[F-:1].[F:2][C@@:5]([C:4]([H:3])([H:31])[N+:41]([O-:42])[O:43])([C:11]#[N:12])[N:21]([H:22])[H:23],31.516481163140785
[Br:1][C@:5]([C:4]([H:3])([H:31])[C:41]([H:42])([H:43])[H:44])([C:11]([H:12])([H:13])[H:14])[H:21].[Cl-:2]>>[Br-:1].[Cl:2][C@@:5]([C:4]([H:3])([H:31])[C:41]([H:42])([H:43])[H:44])([C:11]([H:12])([H:13])[H:14])[H:21],25.17897548798409
[Br:1][C@:5]([C:4]([H:3])([C:31]([H:32])([H:33])[H:34])[C:41]([H:42])([H:43])[H:44])([C:11]#[N:12])[N:21]([H:22])[H:23].[F-:2]>>[Br-:1].[F:2][C@@:5]([C:4]([H:3])([C:31]([H:32])([H:33])[H:34])[C:41]([H:42])([H:43])[H:44])([C:11]#[N:12])[N:21]([H:22])[H:23],15.337554122178927
[F:1][C@:5]([C:4]([H:3])([N:31]([H:32])[H:33])[N:41]([H:42])[H:43])([N:11]([H:12])[H:13])[C:21]#[N:22].[H-:2]>>[F-:1].[H:2][C@@:5]([C:4]([H:3])([N:31]([H:32])[H:33])[N:41]([H:42])[H:43])([N:11]([H:12])[H:13])[C:21]#[N:22],28.73382003049539
[Br:1][C:5]([C:4]([H:3])([H:31])[H:41])([C:11]([H:12])([H:13])[H:14])[H:21].[Cl-:2]>>[Br-:1].[Cl:2][C:5]([C:4]([H:3])([H:31])[H:41])([C:11]([H:12])([H:13])[H:14])[H:21],20.720325447755663
[Cl:1][C@:5]([C:4]([H:3])([C:31]#[N:32])[H:41])([N:11]([H:12])[H:13])[H:21].[H-:2]>>[Cl-:1].[H:2][C:5]([C:4]([H:3])([C:31]#[N:32])[H:41])([N:11]([H:12])[H:13])[H:21],12.128426742469388
[F:1][C:5]([C:4]([H:3])([C:31]#[N:32])[C:41]#[N:42])([C:11]([H:12])([H:13])[H:14])[C:21]([H:22])([H:23])[H:24].[H-:2]>>[F-:1].[H:2][C:5]([C:4]([H:3])([C:31]#[N:32])[C:41]#[N:42])([C:11]([H:12])([H:13])[H:14])[C:21]([H:22])([H:23])[H:24],30.33699382682002
[F:1][C@:5]([C@:4]([H:3])([N+:31]([O-:32])[O:33])[C:41]#[N:42])([H:11])[N:21]([H:22])[H:23].[H-:2]>>[F-:1].[H:2][C:5]([C@:4]([H:3])([N+:31]([O-:32])[O:33])[C:41]#[N:42])([H:11])[N:21]([H:22])[H:23],25.638164726740914
[Br:1][C@:5]([C:4]([H:3])([C:31]#[N:32])[H:41])([N:11]([H:12])[H:13])[H:21].[F-:2]>>[Br-:1].[F:2][C@@:5]([C:4]([H:3])([C:31]#[N:32])[H:41])([N:11]([H:12])[H:13])[H:21],12.676390931875272
[Br-:2].[Cl:1][C@:5]([C:4]([H:3])([N:31]([H:32])[H:33])[N:41]([H:42])[H:43])([C:11]#[N:12])[C:21]([H:22])([H:23])[H:24]>>[Br:2][C@@:5]([C:4]([H:3])([N:31]([H:32])[H:33])[N:41]([H:42])[H:43])([C:11]#[N:12])[C:21]([H:22])([H:23])[H:24].[Cl-:1],45.56993608671155
[Cl:1][C@:5]([C:4]([H:3])([N:31]([H:32])[H:33])[H:41])([N:11]([H:12])[H:13])[H:21].[H-:2]>>[Cl-:1].[H:2][C:5]([C:4]([H:3])([N:31]([H:32])[H:33])[H:41])([N:11]([H:12])[H:13])[H:21],17.439661543003528
[Cl-:2].[Cl:1][C@:5]([C@:4]([H:3])([C:31]([H:32])([H:33])[H:34])[C:41]#[N:42])([C:11]([H:12])([H:13])[H:14])[N+:21]([O-:22])[O:23]>>[Cl-:1].[Cl:2][C@@:5]([C@:4]([H:3])([C:31]([H:32])([H:33])[H:34])[C:41]#[N:42])([C:11]([H:12])([H:13])[H:14])[N+:21]([O-:22])[O:23],35.61176238154676
[Br-:2].[Br:1][C@:5]([C@:4]([H:3])([C:31]([H:32])([H:33])[H:34])[N:41]([H:42])[H:43])([H:11])[C:21]([H:22])([H:23])[H:24]>>[Br-:1].[Br:2][C@@:5]([C@:4]([H:3])([C:31]([H:32])([H:33])[H:34])[N:41]([H:42])[H:43])([H:11])[C:21]([H:22])([H:23])[H:24],30.74122154263028
[F:1][C@:5]([C@:4]([H:3])([N:31]([H:32])[H:33])[C:41]([H:42])([H:43])[H:44])([N+:11]([O-:12])[O:13])[N:21]([H:22])[H:23].[H-:2]>>[F-:1].[H:2][C@@:5]([C@:4]([H:3])([N:31]([H:32])[H:33])[C:41]([H:42])([H:43])[H:44])([N+:11]([O-:12])[O:13])[N:21]([H:22])[H:23],23.25909883960882
[Cl-:2].[Cl:1][C@:5]([C@:4]([H:3])([N:31]([H:32])[H:33])[C:41]([H:42])([H:43])[H:44])([N+:11]([O-:12])[O:13])[C:21]([H:22])([H:23])[H:24]>>[Cl-:1].[Cl:2][C@@:5]([C@:4]([H:3])([N:31]([H:32])[H:33])[C:41]([H:42])([H:43])[H:44])([N+:11]([O-:12])[O:13])[C:21]([H:22])([H:23])[H:24],37.77440021404756
[Cl:1][C:5]([C:4]([H:3])([C:31]([H:32])([H:33])[H:34])[H:41])([C:11]([H:12])([H:13])[H:14])[C:21]([H:22])([H:23])[H:24].[F-:2]>>[Cl-:1].[F:2][C:5]([C:4]([H:3])([C:31]([H:32])([H:33])[H:34])[H:41])([C:11]([H:12])([H:13])[H:14])[C:21]([H:22])([H:23])[H:24],19.256842047672
[F-:2].[F:1][C@:5]([C@:4]([H:3])([N+:31]([O-:32])[O:33])[C:41]([H:42])([H:43])[H:44])([H:11])[C:21]([H:22])([H:23])[H:24]>>[F-:1].[F:2][C@@:5]([C@:4]([H:3])([N+:31]([O-:32])[O:33])[C:41]([H:42])([H:43])[H:44])([H:11])[C:21]([H:22])([H:23])[H:24],21.83684939472877
[Cl:1][C@:5]([C@:4]([H:3])([C:31]([H:32])([H:33])[H:34])[C:41]#[N:42])([N:11]([H:12])[H:13])[H:21].[H-:2]>>[Cl-:1].[H:2][C:5]([C@:4]([H:3])([C:31]([H:32])([H:33])[H:34])[C:41]#[N:42])([N:11]([H:12])[H:13])[H:21],14.680501666506698
[Cl:1][C@:5]([C:4]([H:3])([N+:31]([O-:32])[O:33])[H:41])([C:11]#[N:12])[N:21]([H:22])[H:23].[F-:2]>>[Cl-:1].[F:2][C@@:5]([C:4]([H:3])([N+:31]([O-:32])[O:33])[H:41])([C:11]#[N:12])[N:21]([H:22])[H:23],21.97606088624018
[Cl-:2].[F:1][C@:5]([C@:4]([H:3])([C:31]#[N:32])[N:41]([H:42])[H:43])([C:11]#[N:12])[N:21]([H:22])[H:23]>>[Cl:2][C@@:5]([C@:4]([H:3])([C:31]#[N:32])[N:41]([H:42])[H:43])([C:11]#[N:12])[N:21]([H:22])[H:23].[F-:1],44.8125355551856
[F:1][C@:5]([C:4]([H:3])([H:31])[C:41]([H:42])([H:43])[H:44])([N:11]([H:12])[H:13])[N+:21]([O-:22])[O:23].[H-:2]>>[F-:1].[H:2][C@@:5]([C:4]([H:3])([H:31])[C:41]([H:42])([H:43])[H:44])([N:11]([H:12])[H:13])[N+:21]([O-:22])[O:23],20.559693061493093
[Br:1][C@:5]([C@:4]([H:3])([N:31]([H:32])[H:33])[C:41]([H:42])([H:43])[H:44])([H:11])[C:21]#[N:22].[F-:2]>>[Br-:1].[F:2][C@@:5]([C@:4]([H:3])([N:31]([H:32])[H:33])[C:41]([H:42])([H:43])[H:44])([H:11])[C:21]#[N:22],22.054643192544606
[Br:1][C@:5]([C:4]([H:3])([N:31]([H:32])[H:33])[N:41]([H:42])[H:43])([C:11]#[N:12])[H:21].[Cl-:2]>>[Br-:1].[Cl:2][C@@:5]([C:4]([H:3])([N:31]([H:32])[H:33])[N:41]([H:42])[H:43])([C:11]#[N:12])[H:21],34.31878494576249
[Br-:2].[F:1][C:5]([C:4]([H:3])([H:31])[N+:41]([O-:42])[O:43])([C:11]([H:12])([H:13])[H:14])[C:21]([H:22])([H:23])[H:24]>>[Br:2][C:5]([C:4]([H:3])([H:31])[N+:41]([O-:42])[O:43])([C:11]([H:12])([H:13])[H:14])[C:21]([H:22])([H:23])[H:24].[F-:1],54.03627768932525
[F:1][C@:5]([C@:4]([H:3])([C:31]([H:32])([H:33])[H:34])[C:41]#[N:42])([N:11]([H:12])[H:13])[C:21]#[N:22].[H-:2]>>[F-:1].[H:2][C@@:5]([C@:4]([H:3])([C:31]([H:32])([H:33])[H:34])[C:41]#[N:42])([N:11]([H:12])[H:13])[C:21]#[N:22],19.943118096732054
[Br:1][C:5]([C@:4]([H:3])([C:31]([H:32])([H:33])[H:34])[C:41]#[N:42])([H:11])[H:21].[Cl-:2]>>[Br-:1].[Cl:2][C:5]([C@:4]([H:3])([C:31]([H:32])([H:33])[H:34])[C:41]#[N:42])([H:11])[H:21],23.281167910677176
[Br:1][C@:5]([C@:4]([H:3])([N:31]([H:32])[H:33])[N+:41]([O-:42])[O:43])([C:11]([H:12])([H:13])[H:14])[H:21].[H-:2]>>[Br-:1].[H:2][C:5]([C@:4]([H:3])([N:31]([H:32])[H:33])[N+:41]([O-:42])[O:43])([C:11]([H:12])([H:13])[H:14])[H:21],10.4406320083093
[Br:1][C@:5]([C:4]([H:3])([N:31]([H:32])[H:33])[N:41]([H:42])[H:43])([H:11])[C:21]([H:22])([H:23])[H:24].[Cl-:2]>>[Br-:1].[Cl:2][C@@:5]([C:4]([H:3])([N:31]([H:32])[H:33])[N:41]([H:42])[H:43])([H:11])[C:21]([H:22])([H:23])[H:24],31.59045940835719
[Cl:1][C@:5]([C@:4]([H:3])([N:31]([H:32])[H:33])[C:41]([H:42])([H:43])[H:44])([H:11])[C:21]([H:22])([H:23])[H:24].[H-:2]>>[Cl-:1].[H:2][C:5]([C@:4]([H:3])([N:31]([H:32])[H:33])[C:41]([H:42])([H:43])[H:44])([H:11])[C:21]([H:22])([H:23])[H:24],15.723558477460363
[Br:1][C@:5]([C:4]([H:3])([H:31])[N:41]([H:42])[H:43])([N+:11]([O-:12])[O:13])[H:21].[F-:2]>>[Br-:1].[F:2][C@@:5]([C:4]([H:3])([H:31])[N:41]([H:42])[H:43])([N+:11]([O-:12])[O:13])[H:21],21.15913396455068
[Cl-:2].[F:1][C@:5]([C:4]([H:3])([C:31]([H:32])([H:33])[H:34])[C:41]([H:42])([H:43])[H:44])([H:11])[N+:21]([O-:22])[O:23]>>[Cl:2][C@@:5]([C:4]([H:3])([C:31]([H:32])([H:33])[H:34])[C:41]([H:42])([H:43])[H:44])([H:11])[N+:21]([O-:22])[O:23].[F-:1],31.21801529016524
[Br:1][C@:5]([C@:4]([H:3])([N:31]([H:32])[H:33])[C:41]([H:42])([H:43])[H:44])([C:11]#[N:12])[C:21]([H:22])([H:23])[H:24].[Cl-:2]>>[Br-:1].[Cl:2][C@@:5]([C@:4]([H:3])([N:31]([H:32])[H:33])[C:41]([H:42])([H:43])[H:44])([C:11]#[N:12])[C:21]([H:22])([H:23])[H:24],32.284712627759745
[Cl-:2].[Cl:1][C:5]([C:4]([H:3])([N+:31]([O-:32])[O:33])[H:41])([C:11]#[N:12])[C:21]#[N:22]>>[Cl-:1].[Cl:2][C:5]([C:4]([H:3])([N+:31]([O-:32])[O:33])[H:41])([C:11]#[N:12])[C:21]#[N:22],16.75460264310577
[Cl:1][C@:5]([C:4]([H:3])([C:31]([H:32])([H:33])[H:34])[C:41]([H:42])([H:43])[H:44])([H:11])[N:21]([H:22])[H:23].[H-:2]>>[Cl-:1].[H:2][C:5]([C:4]([H:3])([C:31]([H:32])([H:33])[H:34])[C:41]([H:42])([H:43])[H:44])([H:11])[N:21]([H:22])[H:23],14.244670465808737
[Br:1][C:5]([C:4]([H:3])([H:31])[N:41]([H:42])[H:43])([C:11]#[N:12])[C:21]#[N:22].[H-:2]>>[Br-:1].[H:2][C:5]([C:4]([H:3])([H:31])[N:41]([H:42])[H:43])([C:11]#[N:12])[C:21]#[N:22],25.177836048653283
[F-:2].[F:1][C:5]([C:4]([H:3])([C:31]([H:32])([H:33])[H:34])[H:41])([N:11]([H:12])[H:13])[N:21]([H:22])[H:23]>>[F-:1].[F:2][C:5]([C:4]([H:3])([C:31]([H:32])([H:33])[H:34])[H:41])([N:11]([H:12])[H:13])[N:21]([H:22])[H:23],41.9905104318
[Cl:1][C@:5]([C@:4]([H:3])([C:31]#[N:32])[N:41]([H:42])[H:43])([C:11]([H:12])([H:13])[H:14])[H:21].[H-:2]>>[Cl-:1].[H:2][C:5]([C@:4]([H:3])([C:31]#[N:32])[N:41]([H:42])[H:43])([C:11]([H:12])([H:13])[H:14])[H:21],14.313408707843545
[F-:2].[F:1][C:5]([C:4]([H:3])([C:31]([H:32])([H:33])[H:34])[C:41]([H:42])([H:43])[H:44])([H:11])[H:21]>>[F-:1].[F:2][C:5]([C:4]([H:3])([C:31]([H:32])([H:33])[H:34])[C:41]([H:42])([H:43])[H:44])([H:11])[H:21],22.580343030747045
[Cl-:2].[Cl:1][C@:5]([C:4]([H:3])([H:31])[N:41]([H:42])[H:43])([C:11]([H:12])([H:13])[H:14])[H:21]>>[Cl-:1].[Cl:2][C@@:5]([C:4]([H:3])([H:31])[N:41]([H:42])[H:43])([C:11]([H:12])([H:13])[H:14])[H:21],31.177599448078304
[Cl-:2].[Cl:1][C@:5]([C:4]([H:3])([C:31]#[N:32])[C:41]#[N:42])([H:11])[C:21]([H:22])([H:23])[H:24]>>[Cl-:1].[Cl:2][C@@:5]([C:4]([H:3])([C:31]#[N:32])[C:41]#[N:42])([H:11])[C:21]([H:22])([H:23])[H:24],25.509198230377933
[F-:2].[F:1][C@:5]([C:4]([H:3])([C:31]#[N:32])[H:41])([C:11]([H:12])([H:13])[H:14])[H:21]>>[F-:1].[F:2][C@@:5]([C:4]([H:3])([C:31]#[N:32])[H:41])([C:11]([H:12])([H:13])[H:14])[H:21],23.892334195856048
[Br:1][C:5]([C:4]([H:3])([N:31]([H:32])[H:33])[H:41])([C:11]([H:12])([H:13])[H:14])[C:21]([H:22])([H:23])[H:24].[F-:2]>>[Br-:1].[F:2][C:5]([C:4]([H:3])([N:31]([H:32])[H:33])[H:41])([C:11]([H:12])([H:13])[H:14])[C:21]([H:22])([H:23])[H:24],17.865434980720124
[Cl-:2].[F:1][C:5]([C@:4]([H:3])([C:31]([H:32])([H:33])[H:34])[N+:41]([O-:42])[O:43])([H:11])[H:21]>>[Cl:2][C:5]([C@:4]([H:3])([C:31]([H:32])([H:33])[H:34])[N+:41]([O-:42])[O:43])([H:11])[H:21].[F-:1],41.41301874828224
[Cl:1][C@:5]([C@:4]([H:3])([C:31]#[N:32])[N:41]([H:42])[H:43])([N+:11]([O-:12])[O:13])[C:21]#[N:22].[F-:2]>>[Cl-:1].[F:2][C@@:5]([C@:4]([H:3])([C:31]#[N:32])[N:41]([H:42])[H:43])([N+:11]([O-:12])[O:13])[C:21]#[N:22],15.794765006635789
[Cl:1][C@:5]([C:4]([H:3])([N+:31]([O-:32])[O:33])[H:41])([H:11])[N+:21]([O-:22])[O:23].[F-:2]>>[Cl-:1].[F:2][C@@:5]([C:4]([H:3])([N+:31]([O-:32])[O:33])[H:41])([H:11])[N+:21]([O-:22])[O:23],9.264959199769736
[Cl:1][C@:5]([C@:4]([H:3])([C:31]([H:32])([H:33])[H:34])[N:41]([H:42])[H:43])([C:11]#[N:12])[C:21]([H:22])([H:23])[H:24].[F-:2]>>[Cl-:1].[F:2][C@@:5]([C@:4]([H:3])([C:31]([H:32])([H:33])[H:34])[N:41]([H:42])[H:43])([C:11]#[N:12])[C:21]([H:22])([H:23])[H:24],24.64625935369824
[Cl-:2].[F:1][C@:5]([C@:4]([H:3])([C:31]#[N:32])[N:41]([H:42])[H:43])([N+:11]([O-:12])[O:13])[H:21]>>[Cl:2][C@@:5]([C@:4]([H:3])([C:31]#[N:32])[N:41]([H:42])[H:43])([N+:11]([O-:12])[O:13])[H:21].[F-:1],44.947584209656526
[Br:1][C@:5]([C:4]([H:3])([C:31]([H:32])([H:33])[H:34])[C:41]([H:42])([H:43])[H:44])([N+:11]([O-:12])[O:13])[N:21]([H:22])[H:23].[F-:2]>>[Br-:1].[F:2][C@@:5]([C:4]([H:3])([C:31]([H:32])([H:33])[H:34])[C:41]([H:42])([H:43])[H:44])([N+:11]([O-:12])[O:13])[N:21]([H:22])[H:23],17.179455976455134
[Cl:1][C@:5]([C:4]([H:3])([N+:31]([O-:32])[O:33])[H:41])([N:11]([H:12])[H:13])[C:21]#[N:22].[F-:2]>>[Cl-:1].[F:2][C@@:5]([C:4]([H:3])([N+:31]([O-:32])[O:33])[H:41])([N:11]([H:12])[H:13])[C:21]#[N:22],21.95096675381497
[F-:2].[F:1][C@:5]([C:4]([H:3])([H:31])[N+:41]([O-:42])[O:43])([C:11]#[N:12])[H:21]>>[F-:1].[F:2][C@@:5]([C:4]([H:3])([H:31])[N+:41]([O-:42])[O:43])([C:11]#[N:12])[H:21],5.8780426029831245
[Br-:2].[Cl:1][C@:5]([C@:4]([H:3])([N:31]([H:32])[H:33])[C:41]([H:42])([H:43])[H:44])([C:11]([H:12])([H:13])[H:14])[H:21]>>[Br:2][C@@:5]([C@:4]([H:3])([N:31]([H:32])[H:33])[C:41]([H:42])([H:43])[H:44])([C:11]([H:12])([H:13])[H:14])[H:21].[Cl-:1],35.08618319647211
[Cl-:2].[F:1][C@:5]([C@:4]([H:3])([C:31]([H:32])([H:33])[H:34])[N+:41]([O-:42])[O:43])([C:11]#[N:12])[H:21]>>[Cl:2][C@@:5]([C@:4]([H:3])([C:31]([H:32])([H:33])[H:34])[N+:41]([O-:42])[O:43])([C:11]#[N:12])[H:21].[F-:1],38.96380516877866
[F-:2].[F:1][C@:5]([C:4]([H:3])([H:31])[N+:41]([O-:42])[O:43])([H:11])[N:21]([H:22])[H:23]>>[F-:1].[F:2][C@@:5]([C:4]([H:3])([H:31])[N+:41]([O-:42])[O:43])([H:11])[N:21]([H:22])[H:23],32.83604256890579
[Cl:1][C@:5]([C@:4]([H:3])([N:31]([H:32])[H:33])[C:41]([H:42])([H:43])[H:44])([C:11]([H:12])([H:13])[H:14])[C:21]#[N:22].[H-:2]>>[Cl-:1].[H:2][C@@:5]([C@:4]([H:3])([N:31]([H:32])[H:33])[C:41]([H:42])([H:43])[H:44])([C:11]([H:12])([H:13])[H:14])[C:21]#[N:22],5.046146479163047
[Cl-:2].[Cl:1][C@:5]([C:4]([H:3])([H:31])[N:41]([H:42])[H:43])([H:11])[C:21]#[N:22]>>[Cl-:1].[Cl:2][C@@:5]([C:4]([H:3])([H:31])[N:41]([H:42])[H:43])([H:11])[C:21]#[N:22],25.76756439517389
[Br:1][C@:5]([C:4]([H:3])([H:31])[C:41]#[N:42])([C:11]([H:12])([H:13])[H:14])[N:21]([H:22])[H:23].[H-:2]>>[Br-:1].[H:2][C@@:5]([C:4]([H:3])([H:31])[C:41]#[N:42])([C:11]([H:12])([H:13])[H:14])[N:21]([H:22])[H:23],22.39649697722628
[Br:1][C@:5]([C@:4]([H:3])([C:31]#[N:32])[N+:41]([O-:42])[O:43])([H:11])[N:21]([H:22])[H:23].[F-:2]>>[Br-:1].[F:2][C@@:5]([C@:4]([H:3])([C:31]#[N:32])[N+:41]([O-:42])[O:43])([H:11])[N:21]([H:22])[H:23],20.765172146222483
[Cl-:2].[F:1][C@:5]([C:4]([H:3])([C:31]#[N:32])[H:41])([N:11]([H:12])[H:13])[C:21]#[N:22]>>[Cl:2][C@@:5]([C:4]([H:3])([C:31]#[N:32])[H:41])([N:11]([H:12])[H:13])[C:21]#[N:22].[F-:1],48.63797971703051
[F:1][C:5]([C:4]([H:3])([N:31]([H:32])[H:33])[N:41]([H:42])[H:43])([H:11])[H:21].[H-:2]>>[F-:1].[H:2][C:5]([C:4]([H:3])([N:31]([H:32])[H:33])[N:41]([H:42])[H:43])([H:11])[H:21],26.92256576216084
[F:1][C@:5]([C@:4]([H:3])([C:31]#[N:32])[C:41]([H:42])([H:43])[H:44])([C:11]([H:12])([H:13])[H:14])[N:21]([H:22])[H:23].[H-:2]>>[F-:1].[H:2][C@@:5]([C@:4]([H:3])([C:31]#[N:32])[C:41]([H:42])([H:43])[H:44])([C:11]([H:12])([H:13])[H:14])[N:21]([H:22])[H:23],33.618361196358215
[Br:1][C@:5]([C:4]([H:3])([H:31])[N+:41]([O-:42])[O:43])([N:11]([H:12])[H:13])[C:21]#[N:22].[F-:2]>>[Br-:1].[F:2][C@@:5]([C:4]([H:3])([H:31])[N+:41]([O-:42])[O:43])([N:11]([H:12])[H:13])[C:21]#[N:22],19.2215828640892
[Br:1][C@:5]([C:4]([H:3])([H:31])[C:41]([H:42])([H:43])[H:44])([H:11])[C:21]([H:22])([H:23])[H:24].[H-:2]>>[Br-:1].[H:2][C:5]([C:4]([H:3])([H:31])[C:41]([H:42])([H:43])[H:44])([H:11])[C:21]([H:22])([H:23])[H:24],6.297144847762704
[Br:1][C@:5]([C:4]([H:3])([N+:31]([O-:32])[O:33])[H:41])([N+:11]([O-:12])[O:13])[N:21]([H:22])[H:23].[F-:2]>>[Br-:1].[F:2][C@@:5]([C:4]([H:3])([N+:31]([O-:32])[O:33])[H:41])([N+:11]([O-:12])[O:13])[N:21]([H:22])[H:23],15.846781462381356
[F-:2].[F:1][C@:5]([C:4]([H:3])([C:31]([H:32])([H:33])[H:34])[C:41]([H:42])([H:43])[H:44])([H:11])[C:21]#[N:22]>>[F-:1].[F:2][C@@:5]([C:4]([H:3])([C:31]([H:32])([H:33])[H:34])[C:41]([H:42])([H:43])[H:44])([H:11])[C:21]#[N:22],17.411441718358752
[Br:1][C@:5]([C@:4]([H:3])([C:31]#[N:32])[N:41]([H:42])[H:43])([C:11]([H:12])([H:13])[H:14])[H:21].[H-:2]>>[Br-:1].[H:2][C:5]([C@:4]([H:3])([C:31]#[N:32])[N:41]([H:42])[H:43])([C:11]([H:12])([H:13])[H:14])[H:21],9.432054366303449
[F:1][C@:5]([C@:4]([H:3])([N:31]([H:32])[H:33])[C:41]#[N:42])([N:11]([H:12])[H:13])[C:21]([H:22])([H:23])[H:24].[H-:2]>>[F-:1].[H:2][C@@:5]([C@:4]([H:3])([N:31]([H:32])[H:33])[C:41]#[N:42])([N:11]([H:12])[H:13])[C:21]([H:22])([H:23])[H:24],37.772775441990674
[F-:2].[F:1][C@:5]([C:4]([H:3])([C:31]([H:32])([H:33])[H:34])[H:41])([N+:11]([O-:12])[O:13])[N:21]([H:22])[H:23]>>[F-:1].[F:2][C@@:5]([C:4]([H:3])([C:31]([H:32])([H:33])[H:34])[H:41])([N+:11]([O-:12])[O:13])[N:21]([H:22])[H:23],31.213967323559245
[Br:1][C@:5]([C@:4]([H:3])([N:31]([H:32])[H:33])[C:41]#[N:42])([H:11])[N:21]([H:22])[H:23].[F-:2]>>[Br-:1].[F:2][C@@:5]([C@:4]([H:3])([N:31]([H:32])[H:33])[C:41]#[N:42])([H:11])[N:21]([H:22])[H:23],19.517220182386183
[Br:1][C@:5]([C@:4]([H:3])([C:31]#[N:32])[C:41]([H:42])([H:43])[H:44])([N:11]([H:12])[H:13])[H:21].[H-:2]>>[Br-:1].[H:2][C:5]([C@:4]([H:3])([C:31]#[N:32])[C:41]([H:42])([H:43])[H:44])([N:11]([H:12])[H:13])[H:21],13.982798409967964
[F-:2].[F:1][C@:5]([C:4]([H:3])([H:31])[N+:41]([O-:42])[O:43])([N+:11]([O-:12])[O:13])[H:21]>>[F-:1].[F:2][C@@:5]([C:4]([H:3])([H:31])[N+:41]([O-:42])[O:43])([N+:11]([O-:12])[O:13])[H:21],14.159175476710931
[Br:1][C@:5]([C@:4]([H:3])([C:31]([H:32])([H:33])[H:34])[N:41]([H:42])[H:43])([C:11]#[N:12])[N:21]([H:22])[H:23].[F-:2]>>[Br-:1].[F:2][C@@:5]([C@:4]([H:3])([C:31]([H:32])([H:33])[H:34])[N:41]([H:42])[H:43])([C:11]#[N:12])[N:21]([H:22])[H:23],26.20715556489686
[F:1][C@:5]([C@:4]([H:3])([N+:31]([O-:32])[O:33])[N:41]([H:42])[H:43])([N:11]([H:12])[H:13])[N+:21]([O-:22])[O:23].[H-:2]>>[F-:1].[H:2][C@@:5]([C@:4]([H:3])([N+:31]([O-:32])[O:33])[N:41]([H:42])[H:43])([N:11]([H:12])[H:13])[N+:21]([O-:22])[O:23],17.68602726024279
[Cl-:2].[Cl:1][C@:5]([C:4]([H:3])([C:31]#[N:32])[C:41]#[N:42])([N+:11]([O-:12])[O:13])[H:21]>>[Cl-:1].[Cl:2][C@@:5]([C:4]([H:3])([C:31]#[N:32])[C:41]#[N:42])([N+:11]([O-:12])[O:13])[H:21],25.34513398706092
[Cl-:2].[Cl:1][C@:5]([C:4]([H:3])([C:31]#[N:32])[H:41])([N+:11]([O-:12])[O:13])[N:21]([H:22])[H:23]>>[Cl-:1].[Cl:2][C@@:5]([C:4]([H:3])([C:31]#[N:32])[H:41])([N+:11]([O-:12])[O:13])[N:21]([H:22])[H:23],26.924387689936324
[Cl-:2].[F:1][C@:5]([C@:4]([H:3])([C:31]#[N:32])[N:41]([H:42])[H:43])([N+:11]([O-:12])[O:13])[N:21]([H:22])[H:23]>>[Cl:2][C@@:5]([C@:4]([H:3])([C:31]#[N:32])[N:41]([H:42])[H:43])([N+:11]([O-:12])[O:13])[N:21]([H:22])[H:23].[F-:1],51.16444358372493
[Cl:1][C@:5]([C:4]([H:3])([C:31]#[N:32])[C:41]#[N:42])([H:11])[N:21]([H:22])[H:23].[H-:2]>>[Cl-:1].[H:2][C:5]([C:4]([H:3])([C:31]#[N:32])[C:41]#[N:42])([H:11])[N:21]([H:22])[H:23],0.2589088393682939
[Cl:1][C@:5]([C@:4]([H:3])([N:31]([H:32])[H:33])[C:41]([H:42])([H:43])[H:44])([H:11])[C:21]#[N:22].[F-:2]>>[Cl-:1].[F:2][C@@:5]([C@:4]([H:3])([N:31]([H:32])[H:33])[C:41]([H:42])([H:43])[H:44])([H:11])[C:21]#[N:22],22.71580089738564
[Br:1][C:5]([C@:4]([H:3])([C:31]([H:32])([H:33])[H:34])[N+:41]([O-:42])[O:43])([C:11]([H:12])([H:13])[H:14])[C:21]([H:22])([H:23])[H:24].[Cl-:2]>>[Br-:1].[Cl:2][C:5]([C@:4]([H:3])([C:31]([H:32])([H:33])[H:34])[N+:41]([O-:42])[O:43])([C:11]([H:12])([H:13])[H:14])[C:21]([H:22])([H:23])[H:24],36.454286879124325
[Cl:1][C@:5]([C:4]([H:3])([H:31])[C:41]([H:42])([H:43])[H:44])([N:11]([H:12])[H:13])[N+:21]([O-:22])[O:23].[F-:2]>>[Cl-:1].[F:2][C@@:5]([C:4]([H:3])([H:31])[C:41]([H:42])([H:43])[H:44])([N:11]([H:12])[H:13])[N+:21]([O-:22])[O:23],24.393427290779453
[Cl-:2].[F:1][C@:5]([C@:4]([H:3])([C:31]([H:32])([H:33])[H:34])[C:41]#[N:42])([C:11]([H:12])([H:13])[H:14])[H:21]>>[Cl:2][C@@:5]([C@:4]([H:3])([C:31]([H:32])([H:33])[H:34])[C:41]#[N:42])([C:11]([H:12])([H:13])[H:14])[H:21].[F-:1],45.57911736834645
[Br:1][C@:5]([C:4]([H:3])([H:31])[N:41]([H:42])[H:43])([N+:11]([O-:12])[O:13])[H:21].[Cl-:2]>>[Br-:1].[Cl:2][C@@:5]([C:4]([H:3])([H:31])[N:41]([H:42])[H:43])([N+:11]([O-:12])[O:13])[H:21],33.42293719718475
[Br-:2].[Cl:1][C@:5]([C:4]([H:3])([C:31]([H:32])([H:33])[H:34])[C:41]([H:42])([H:43])[H:44])([C:11]#[N:12])[H:21]>>[Br:2][C@@:5]([C:4]([H:3])([C:31]([H:32])([H:33])[H:34])[C:41]([H:42])([H:43])[H:44])([C:11]#[N:12])[H:21].[Cl-:1],27.26656391202472
[F:1][C@:5]([C@:4]([H:3])([C:31]([H:32])([H:33])[H:34])[N:41]([H:42])[H:43])([C:11]([H:12])([H:13])[H:14])[N+:21]([O-:22])[O:23].[H-:2]>>[F-:1].[H:2][C@@:5]([C@:4]([H:3])([C:31]([H:32])([H:33])[H:34])[N:41]([H:42])[H:43])([C:11]([H:12])([H:13])[H:14])[N+:21]([O-:22])[O:23],21.19730212786895
[Cl-:2].[F:1][C@:5]([C:4]([H:3])([H:31])[N:41]([H:42])[H:43])([C:11]#[N:12])[N:21]([H:22])[H:23]>>[Cl:2][C@@:5]([C:4]([H:3])([H:31])[N:41]([H:42])[H:43])([C:11]#[N:12])[N:21]([H:22])[H:23].[F-:1],54.02116733239245
[Cl-:2].[F:1][C@:5]([C:4]([H:3])([C:31]#[N:32])[C:41]#[N:42])([C:11]#[N:12])[N:21]([H:22])[H:23]>>[Cl:2][C@@:5]([C:4]([H:3])([C:31]#[N:32])[C:41]#[N:42])([C:11]#[N:12])[N:21]([H:22])[H:23].[F-:1],47.68481053988105
[Br:1][C@:5]([C:4]([H:3])([H:31])[N+:41]([O-:42])[O:43])([C:11]([H:12])([H:13])[H:14])[N:21]([H:22])[H:23].[H-:2]>>[Br-:1].[H:2][C@@:5]([C:4]([H:3])([H:31])[N+:41]([O-:42])[O:43])([C:11]([H:12])([H:13])[H:14])[N:21]([H:22])[H:23],22.222702193284725
[Cl:1][C:5]([C@:4]([H:3])([C:31]#[N:32])[N:41]([H:42])[H:43])([C:11]([H:12])([H:13])[H:14])[C:21]([H:22])([H:23])[H:24].[H-:2]>>[Cl-:1].[H:2][C:5]([C@:4]([H:3])([C:31]#[N:32])[N:41]([H:42])[H:43])([C:11]([H:12])([H:13])[H:14])[C:21]([H:22])([H:23])[H:24],24.627788905110567
[Cl-:2].[Cl:1][C@:5]([C:4]([H:3])([C:31]([H:32])([H:33])[H:34])[C:41]([H:42])([H:43])[H:44])([C:11]([H:12])([H:13])[H:14])[H:21]>>[Cl-:1].[Cl:2][C@@:5]([C:4]([H:3])([C:31]([H:32])([H:33])[H:34])[C:41]([H:42])([H:43])[H:44])([C:11]([H:12])([H:13])[H:14])[H:21],29.642502032750112
[Cl:1][C@:5]([C:4]([H:3])([H:31])[H:41])([H:11])[N:21]([H:22])[H:23].[H-:2]>>[Cl-:1].[H:2][C:5]([C:4]([H:3])([H:31])[H:41])([H:11])[N:21]([H:22])[H:23],9.536054967328564
[Cl:1][C@:5]([C@:4]([H:3])([N+:31]([O-:32])[O:33])[N:41]([H:42])[H:43])([H:11])[C:21]#[N:22].[F-:2]>>[Cl-:1].[F:2][C@@:5]([C@:4]([H:3])([N+:31]([O-:32])[O:33])[N:41]([H:42])[H:43])([H:11])[C:21]#[N:22],20.75301296258499
[Br:1][C:5]([C:4]([H:3])([H:31])[C:41]#[N:42])([C:11]([H:12])([H:13])[H:14])[C:21]([H:22])([H:23])[H:24].[H-:2]>>[Br-:1].[H:2][C:5]([C:4]([H:3])([H:31])[C:41]#[N:42])([C:11]([H:12])([H:13])[H:14])[C:21]([H:22])([H:23])[H:24],20.328415004785487
[Br-:2].[F:1][C@:5]([C@:4]([H:3])([N:31]([H:32])[H:33])[C:41]([H:42])([H:43])[H:44])([C:11]([H:12])([H:13])[H:14])[H:21]>>[Br:2][C@@:5]([C@:4]([H:3])([N:31]([H:32])[H:33])[C:41]([H:42])([H:43])[H:44])([C:11]([H:12])([H:13])[H:14])[H:21].[F-:1],51.79490790246178
[Cl-:2].[F:1][C@:5]([C:4]([H:3])([H:31])[N:41]([H:42])[H:43])([C:11]#[N:12])[C:21]([H:22])([H:23])[H:24]>>[Cl:2][C@@:5]([C:4]([H:3])([H:31])[N:41]([H:42])[H:43])([C:11]#[N:12])[C:21]([H:22])([H:23])[H:24].[F-:1],45.776948226920965
[F:1][C@:5]([C:4]([H:3])([H:31])[N:41]([H:42])[H:43])([C:11]#[N:12])[N+:21]([O-:22])[O:23].[H-:2]>>[F-:1].[H:2][C@@:5]([C:4]([H:3])([H:31])[N:41]([H:42])[H:43])([C:11]#[N:12])[N+:21]([O-:22])[O:23],5.34516346599094
[F-:2].[F:1][C@:5]([C@:4]([H:3])([C:31]([H:32])([H:33])[H:34])[N+:41]([O-:42])[O:43])([C:11]#[N:12])[H:21]>>[F-:1].[F:2][C@@:5]([C@:4]([H:3])([C:31]([H:32])([H:33])[H:34])[N+:41]([O-:42])[O:43])([C:11]#[N:12])[H:21],20.451982068529
[Br:1][C@:5]([C:4]([H:3])([C:31]#[N:32])[H:41])([H:11])[N:21]([H:22])[H:23].[F-:2]>>[Br-:1].[F:2][C@@:5]([C:4]([H:3])([C:31]#[N:32])[H:41])([H:11])[N:21]([H:22])[H:23],4.501449639941528
[Cl-:2].[F:1][C@:5]([C:4]([H:3])([C:31]([H:32])([H:33])[H:34])[H:41])([C:11]([H:12])([H:13])[H:14])[N+:21]([O-:22])[O:23]>>[Cl:2][C@@:5]([C:4]([H:3])([C:31]([H:32])([H:33])[H:34])[H:41])([C:11]([H:12])([H:13])[H:14])[N+:21]([O-:22])[O:23].[F-:1],34.472795141741564
[Br:1][C@:5]([C@:4]([H:3])([N+:31]([O-:32])[O:33])[C:41]#[N:42])([H:11])[N:21]([H:22])[H:23].[F-:2]>>[Br-:1].[F:2][C@@:5]([C@:4]([H:3])([N+:31]([O-:32])[O:33])[C:41]#[N:42])([H:11])[N:21]([H:22])[H:23],20.29601407068233
[F:1][C:5]([C:4]([H:3])([N:31]([H:32])[H:33])[N:41]([H:42])[H:43])([C:11]([H:12])([H:13])[H:14])[C:21]([H:22])([H:23])[H:24].[H-:2]>>[F-:1].[H:2][C:5]([C:4]([H:3])([N:31]([H:32])[H:33])[N:41]([H:42])[H:43])([C:11]([H:12])([H:13])[H:14])[C:21]([H:22])([H:23])[H:24],34.01966503948672
[Br-:2].[Cl:1][C@:5]([C@:4]([H:3])([N+:31]([O-:32])[O:33])[C:41]([H:42])([H:43])[H:44])([C:11]#[N:12])[H:21]>>[Br:2][C@@:5]([C@:4]([H:3])([N+:31]([O-:32])[O:33])[C:41]([H:42])([H:43])[H:44])([C:11]#[N:12])[H:21].[Cl-:1],26.77842330318792
[Br:1][C:5]([C@:4]([H:3])([N:31]([H:32])[H:33])[N+:41]([O-:42])[O:43])([H:11])[H:21].[Cl-:2]>>[Br-:1].[Cl:2][C:5]([C@:4]([H:3])([N:31]([H:32])[H:33])[N+:41]([O-:42])[O:43])([H:11])[H:21],30.84096782425791
[Br-:2].[Br:1][C@:5]([C:4]([H:3])([H:31])[C:41]#[N:42])([H:11])[C:21]#[N:22]>>[Br-:1].[Br:2][C@@:5]([C:4]([H:3])([H:31])[C:41]#[N:42])([H:11])[C:21]#[N:22],20.203483418578887
[Cl:1][C@:5]([C:4]([H:3])([H:31])[N+:41]([O-:42])[O:43])([N:11]([H:12])[H:13])[C:21]#[N:22].[F-:2]>>[Cl-:1].[F:2][C@@:5]([C:4]([H:3])([H:31])[N+:41]([O-:42])[O:43])([N:11]([H:12])[H:13])[C:21]#[N:22],22.422004051917234
[F:1][C:5]([C@:4]([H:3])([C:31]([H:32])([H:33])[H:34])[N:41]([H:42])[H:43])([C:11]([H:12])([H:13])[H:14])[C:21]([H:22])([H:23])[H:24].[H-:2]>>[F-:1].[H:2][C:5]([C@:4]([H:3])([C:31]([H:32])([H:33])[H:34])[N:41]([H:42])[H:43])([C:11]([H:12])([H:13])[H:14])[C:21]([H:22])([H:23])[H:24],38.150295360723625
[Cl:1][C@:5]([C:4]([H:3])([C:31]([H:32])([H:33])[H:34])[C:41]([H:42])([H:43])[H:44])([N+:11]([O-:12])[O:13])[H:21].[F-:2]>>[Cl-:1].[F:2][C@@:5]([C:4]([H:3])([C:31]([H:32])([H:33])[H:34])[C:41]([H:42])([H:43])[H:44])([N+:11]([O-:12])[O:13])[H:21],10.004467156410264
[Cl-:2].[F:1][C@:5]([C:4]([H:3])([N:31]([H:32])[H:33])[N:41]([H:42])[H:43])([C:11]([H:12])([H:13])[H:14])[N+:21]([O-:22])[O:23]>>[Cl:2][C@@:5]([C:4]([H:3])([N:31]([H:32])[H:33])[N:41]([H:42])[H:43])([C:11]([H:12])([H:13])[H:14])[N+:21]([O-:22])[O:23].[F-:1],43.913489844054325
[F-:2].[F:1][C@:5]([C@:4]([H:3])([N:31]([H:32])[H:33])[C:41]#[N:42])([H:11])[C:21]#[N:22]>>[F-:1].[F:2][C@@:5]([C@:4]([H:3])([N:31]([H:32])[H:33])[C:41]#[N:42])([H:11])[C:21]#[N:22],27.528959468376986
[Br-:2].[Cl:1][C@:5]([C@:4]([H:3])([C:31]#[N:32])[N+:41]([O-:42])[O:43])([C:11]([H:12])([H:13])[H:14])[H:21]>>[Br:2][C@@:5]([C@:4]([H:3])([C:31]#[N:32])[N+:41]([O-:42])[O:43])([C:11]([H:12])([H:13])[H:14])[H:21].[Cl-:1],34.11264499070863
[Cl-:2].[F:1][C@:5]([C@:4]([H:3])([N+:31]([O-:32])[O:33])[C:41]([H:42])([H:43])[H:44])([N+:11]([O-:12])[O:13])[H:21]>>[Cl:2][C@@:5]([C@:4]([H:3])([N+:31]([O-:32])[O:33])[C:41]([H:42])([H:43])[H:44])([N+:11]([O-:12])[O:13])[H:21].[F-:1],38.59476958554798
[F:1][C@:5]([C:4]([H:3])([H:31])[C:41]([H:42])([H:43])[H:44])([N:11]([H:12])[H:13])[C:21]#[N:22].[H-:2]>>[F-:1].[H:2][C@@:5]([C:4]([H:3])([H:31])[C:41]([H:42])([H:43])[H:44])([N:11]([H:12])[H:13])[C:21]#[N:22],21.685315834314498
[Br-:2].[Br:1][C@:5]([C:4]([H:3])([C:31]#[N:32])[H:41])([H:11])[C:21]([H:22])([H:23])[H:24]>>[Br-:1].[Br:2][C@@:5]([C:4]([H:3])([C:31]#[N:32])[H:41])([H:11])[C:21]([H:22])([H:23])[H:24],22.20999403028399
[Cl:1][C@:5]([C:4]([H:3])([N:31]([H:32])[H:33])[H:41])([N+:11]([O-:12])[O:13])[N:21]([H:22])[H:23].[H-:2]>>[Cl-:1].[H:2][C@@:5]([C:4]([H:3])([N:31]([H:32])[H:33])[H:41])([N+:11]([O-:12])[O:13])[N:21]([H:22])[H:23],6.9289283825189045
[F-:2].[F:1][C@:5]([C:4]([H:3])([H:31])[N:41]([H:42])[H:43])([N:11]([H:12])[H:13])[H:21]>>[F-:1].[F:2][C@@:5]([C:4]([H:3])([H:31])[N:41]([H:42])[H:43])([N:11]([H:12])[H:13])[H:21],35.12672802963573
[Br:1][C@:5]([C@:4]([H:3])([C:31]([H:32])([H:33])[H:34])[N:41]([H:42])[H:43])([H:11])[N+:21]([O-:22])[O:23].[F-:2]>>[Br-:1].[F:2][C@@:5]([C@:4]([H:3])([C:31]([H:32])([H:33])[H:34])[N:41]([H:42])[H:43])([H:11])[N+:21]([O-:22])[O:23],19.344549263716942
[F-:2].[F:1][C@:5]([C:4]([H:3])([N+:31]([O-:32])[O:33])[N+:41]([O-:42])[O:43])([N:11]([H:12])[H:13])[H:21]>>[F-:1].[F:2][C@@:5]([C:4]([H:3])([N+:31]([O-:32])[O:33])[N+:41]([O-:42])[O:43])([N:11]([H:12])[H:13])[H:21],32.181581090763885
[Cl:1][C@:5]([C@:4]([H:3])([C:31]#[N:32])[C:41]([H:42])([H:43])[H:44])([N:11]([H:12])[H:13])[H:21].[H-:2]>>[Cl-:1].[H:2][C:5]([C@:4]([H:3])([C:31]#[N:32])[C:41]([H:42])([H:43])[H:44])([N:11]([H:12])[H:13])[H:21],15.409401615730877
[Cl-:2].[F:1][C@:5]([C@:4]([H:3])([C:31]#[N:32])[N:41]([H:42])[H:43])([C:11]([H:12])([H:13])[H:14])[C:21]#[N:22]>>[Cl:2][C@@:5]([C@:4]([H:3])([C:31]#[N:32])[N:41]([H:42])[H:43])([C:11]([H:12])([H:13])[H:14])[C:21]#[N:22].[F-:1],43.61246300052443
[Cl-:2].[F:1][C@:5]([C@:4]([H:3])([N+:31]([O-:32])[O:33])[N:41]([H:42])[H:43])([N+:11]([O-:12])[O:13])[N:21]([H:22])[H:23]>>[Cl:2][C@@:5]([C@:4]([H:3])([N+:31]([O-:32])[O:33])[N:41]([H:42])[H:43])([N+:11]([O-:12])[O:13])[N:21]([H:22])[H:23].[F-:1],55.82550942968898
[Cl:1][C@:5]([C@:4]([H:3])([N:31]([H:32])[H:33])[C:41]#[N:42])([H:11])[N+:21]([O-:22])[O:23].[H-:2]>>[Cl-:1].[H:2][C:5]([C@:4]([H:3])([N:31]([H:32])[H:33])[C:41]#[N:42])([H:11])[N+:21]([O-:22])[O:23],2.773389270443058
[F-:2].[F:1][C@:5]([C@:4]([H:3])([N+:31]([O-:32])[O:33])[C:41]([H:42])([H:43])[H:44])([N:11]([H:12])[H:13])[C:21]#[N:22]>>[F-:1].[F:2][C@@:5]([C@:4]([H:3])([N+:31]([O-:32])[O:33])[C:41]([H:42])([H:43])[H:44])([N:11]([H:12])[H:13])[C:21]#[N:22],27.698994407245035
[Br:1][C@:5]([C:4]([H:3])([H:31])[N+:41]([O-:42])[O:43])([C:11]#[N:12])[C:21]([H:22])([H:23])[H:24].[F-:2]>>[Br-:1].[F:2][C@@:5]([C:4]([H:3])([H:31])[N+:41]([O-:42])[O:43])([C:11]#[N:12])[C:21]([H:22])([H:23])[H:24],15.726117917369985
[Br-:2].[Br:1][C:5]([C:4]([H:3])([N+:31]([O-:32])[O:33])[H:41])([H:11])[H:21]>>[Br-:1].[Br:2][C:5]([C:4]([H:3])([N+:31]([O-:32])[O:33])[H:41])([H:11])[H:21],23.72895129038298
[F-:2].[F:1][C@:5]([C@:4]([H:3])([C:31]([H:32])([H:33])[H:34])[C:41]#[N:42])([H:11])[N:21]([H:22])[H:23]>>[F-:1].[F:2][C@@:5]([C@:4]([H:3])([C:31]([H:32])([H:33])[H:34])[C:41]#[N:42])([H:11])[N:21]([H:22])[H:23],37.220850373686375
[Br-:2].[F:1][C@:5]([C:4]([H:3])([N+:31]([O-:32])[O:33])[H:41])([H:11])[C:21]([H:22])([H:23])[H:24]>>[Br:2][C@@:5]([C:4]([H:3])([N+:31]([O-:32])[O:33])[H:41])([H:11])[C:21]([H:22])([H:23])[H:24].[F-:1],46.3172923293408
[Br:1][C:5]([C:4]([H:3])([C:31]#[N:32])[H:41])([C:11]([H:12])([H:13])[H:14])[C:21]([H:22])([H:23])[H:24].[H-:2]>>[Br-:1].[H:2][C:5]([C:4]([H:3])([C:31]#[N:32])[H:41])([C:11]([H:12])([H:13])[H:14])[C:21]([H:22])([H:23])[H:24],15.614088427708392
[Cl:1][C:5]([C@:4]([H:3])([C:31]([H:32])([H:33])[H:34])[N+:41]([O-:42])[O:43])([C:11]#[N:12])[C:21]#[N:22].[F-:2]>>[Cl-:1].[F:2][C:5]([C@:4]([H:3])([C:31]([H:32])([H:33])[H:34])[N+:41]([O-:42])[O:43])([C:11]#[N:12])[C:21]#[N:22],9.410773652915967
[F:1][C@:5]([C@:4]([H:3])([N+:31]([O-:32])[O:33])[N:41]([H:42])[H:43])([H:11])[C:21]([H:22])([H:23])[H:24].[H-:2]>>[F-:1].[H:2][C:5]([C@:4]([H:3])([N+:31]([O-:32])[O:33])[N:41]([H:42])[H:43])([H:11])[C:21]([H:22])([H:23])[H:24],26.82383650402997
[F:1][C@:5]([C@:4]([H:3])([C:31]([H:32])([H:33])[H:34])[C:41]#[N:42])([N+:11]([O-:12])[O:13])[H:21].[H-:2]>>[F-:1].[H:2][C:5]([C@:4]([H:3])([C:31]([H:32])([H:33])[H:34])[C:41]#[N:42])([N+:11]([O-:12])[O:13])[H:21],3.4902436649090647
[F:1][C@:5]([C@:4]([H:3])([C:31]([H:32])([H:33])[H:34])[N+:41]([O-:42])[O:43])([N:11]([H:12])[H:13])[C:21]#[N:22].[H-:2]>>[F-:1].[H:2][C@@:5]([C@:4]([H:3])([C:31]([H:32])([H:33])[H:34])[N+:41]([O-:42])[O:43])([N:11]([H:12])[H:13])[C:21]#[N:22],19.818852546800954
[Cl-:2].[F:1][C:5]([C@:4]([H:3])([N+:31]([O-:32])[O:33])[N:41]([H:42])[H:43])([C:11]#[N:12])[C:21]#[N:22]>>[Cl:2][C:5]([C@:4]([H:3])([N+:31]([O-:32])[O:33])[N:41]([H:42])[H:43])([C:11]#[N:12])[C:21]#[N:22].[F-:1],28.33941737774859
[Cl-:2].[Cl:1][C@:5]([C@:4]([H:3])([C:31]([H:32])([H:33])[H:34])[C:41]#[N:42])([H:11])[N+:21]([O-:22])[O:23]>>[Cl-:1].[Cl:2][C@@:5]([C@:4]([H:3])([C:31]([H:32])([H:33])[H:34])[C:41]#[N:42])([H:11])[N+:21]([O-:22])[O:23],15.860420806104068
[Cl:1][C:5]([C:4]([H:3])([H:31])[N:41]([H:42])[H:43])([H:11])[H:21].[F-:2]>>[Cl-:1].[F:2][C:5]([C:4]([H:3])([H:31])[N:41]([H:42])[H:43])([H:11])[H:21],16.752908972360167
[Cl:1][C@:5]([C:4]([H:3])([C:31]([H:32])([H:33])[H:34])[C:41]([H:42])([H:43])[H:44])([C:11]([H:12])([H:13])[H:14])[H:21].[F-:2]>>[Cl-:1].[F:2][C@@:5]([C:4]([H:3])([C:31]([H:32])([H:33])[H:34])[C:41]([H:42])([H:43])[H:44])([C:11]([H:12])([H:13])[H:14])[H:21],17.21042958996668
[Br:1][C@:5]([C:4]([H:3])([H:31])[C:41]#[N:42])([C:11]#[N:12])[N:21]([H:22])[H:23].[F-:2]>>[Br-:1].[F:2][C@@:5]([C:4]([H:3])([H:31])[C:41]#[N:42])([C:11]#[N:12])[N:21]([H:22])[H:23],16.72686623030973
[Cl:1][C@:5]([C@:4]([H:3])([C:31]#[N:32])[N:41]([H:42])[H:43])([N:11]([H:12])[H:13])[H:21].[F-:2]>>[Cl-:1].[F:2][C@@:5]([C@:4]([H:3])([C:31]#[N:32])[N:41]([H:42])[H:43])([N:11]([H:12])[H:13])[H:21],21.512525116593263
[Cl:1][C@:5]([C:4]([H:3])([C:31]#[N:32])[C:41]#[N:42])([N+:11]([O-:12])[O:13])[H:21].[F-:2]>>[Cl-:1].[F:2][C@@:5]([C:4]([H:3])([C:31]#[N:32])[C:41]#[N:42])([N+:11]([O-:12])[O:13])[H:21],5.373545064527073
[Br:1][C@:5]([C@:4]([H:3])([C:31]([H:32])([H:33])[H:34])[C:41]#[N:42])([C:11]#[N:12])[N:21]([H:22])[H:23].[F-:2]>>[Br-:1].[F:2][C@@:5]([C@:4]([H:3])([C:31]([H:32])([H:33])[H:34])[C:41]#[N:42])([C:11]#[N:12])[N:21]([H:22])[H:23],19.64564061711053
[Br-:2].[F:1][C:5]([C@:4]([H:3])([N+:31]([O-:32])[O:33])[C:41]#[N:42])([N:11]([H:12])[H:13])[N:21]([H:22])[H:23]>>[Br:2][C:5]([C@:4]([H:3])([N+:31]([O-:32])[O:33])[C:41]#[N:42])([N:11]([H:12])[H:13])[N:21]([H:22])[H:23].[F-:1],65.467572375783
[Br:1][C:5]([C:4]([H:3])([N+:31]([O-:32])[O:33])[H:41])([H:11])[H:21].[Cl-:2]>>[Br-:1].[Cl:2][C:5]([C:4]([H:3])([N+:31]([O-:32])[O:33])[H:41])([H:11])[H:21],18.871961659044302
[Cl:1][C@:5]([C@:4]([H:3])([C:31]#[N:32])[C:41]([H:42])([H:43])[H:44])([H:11])[N+:21]([O-:22])[O:23].[F-:2]>>[Cl-:1].[F:2][C@@:5]([C@:4]([H:3])([C:31]#[N:32])[C:41]([H:42])([H:43])[H:44])([H:11])[N+:21]([O-:22])[O:23],10.025727893230972
[Cl:1][C@:5]([C@:4]([H:3])([C:31]([H:32])([H:33])[H:34])[C:41]#[N:42])([C:11]([H:12])([H:13])[H:14])[H:21].[H-:2]>>[Cl-:1].[H:2][C:5]([C@:4]([H:3])([C:31]([H:32])([H:33])[H:34])[C:41]#[N:42])([C:11]([H:12])([H:13])[H:14])[H:21],12.497489861785237
[Cl-:2].[Cl:1][C:5]([C:4]([H:3])([C:31]#[N:32])[C:41]#[N:42])([H:11])[H:21]>>[Cl-:1].[Cl:2][C:5]([C:4]([H:3])([C:31]#[N:32])[C:41]#[N:42])([H:11])[H:21],24.96169841143797
[Cl:1][C@:5]([C@:4]([H:3])([N+:31]([O-:32])[O:33])[N:41]([H:42])[H:43])([C:11]([H:12])([H:13])[H:14])[H:21].[F-:2]>>[Cl-:1].[F:2][C@@:5]([C@:4]([H:3])([N+:31]([O-:32])[O:33])[N:41]([H:42])[H:43])([C:11]([H:12])([H:13])[H:14])[H:21],20.34096626649193
[Cl-:2].[F:1][C@:5]([C@:4]([H:3])([C:31]#[N:32])[N:41]([H:42])[H:43])([H:11])[C:21]([H:22])([H:23])[H:24]>>[Cl:2][C@@:5]([C@:4]([H:3])([C:31]#[N:32])[N:41]([H:42])[H:43])([H:11])[C:21]([H:22])([H:23])[H:24].[F-:1],44.995404509828354
[Cl:1][C@:5]([C:4]([H:3])([C:31]([H:32])([H:33])[H:34])[C:41]([H:42])([H:43])[H:44])([C:11]#[N:12])[C:21]([H:22])([H:23])[H:24].[F-:2]>>[Cl-:1].[F:2][C@@:5]([C:4]([H:3])([C:31]([H:32])([H:33])[H:34])[C:41]([H:42])([H:43])[H:44])([C:11]#[N:12])[C:21]([H:22])([H:23])[H:24],13.45836538829342
[F:1][C@:5]([C:4]([H:3])([N:31]([H:32])[H:33])[H:41])([N+:11]([O-:12])[O:13])[N:21]([H:22])[H:23].[H-:2]>>[F-:1].[H:2][C@@:5]([C:4]([H:3])([N:31]([H:32])[H:33])[H:41])([N+:11]([O-:12])[O:13])[N:21]([H:22])[H:23],18.18877066376583
[Cl-:2].[Cl:1][C@:5]([C:4]([H:3])([H:31])[C:41]#[N:42])([C:11]([H:12])([H:13])[H:14])[N+:21]([O-:22])[O:23]>>[Cl-:1].[Cl:2][C@@:5]([C:4]([H:3])([H:31])[C:41]#[N:42])([C:11]([H:12])([H:13])[H:14])[N+:21]([O-:22])[O:23],29.674904369564626
[F:1][C@:5]([C@:4]([H:3])([C:31]([H:32])([H:33])[H:34])[C:41]#[N:42])([N:11]([H:12])[H:13])[C:21]([H:22])([H:23])[H:24].[H-:2]>>[F-:1].[H:2][C@@:5]([C@:4]([H:3])([C:31]([H:32])([H:33])[H:34])[C:41]#[N:42])([N:11]([H:12])[H:13])[C:21]([H:22])([H:23])[H:24],35.952164053514785
[F-:2].[F:1][C@:5]([C@:4]([H:3])([C:31]#[N:32])[N+:41]([O-:42])[O:43])([N:11]([H:12])[H:13])[H:21]>>[F-:1].[F:2][C@@:5]([C@:4]([H:3])([C:31]#[N:32])[N+:41]([O-:42])[O:43])([N:11]([H:12])[H:13])[H:21],29.75988517313607
[Br:1][C@:5]([C:4]([H:3])([C:31]#[N:32])[H:41])([C:11]#[N:12])[H:21].[F-:2]>>[Br-:1].[F:2][C@@:5]([C:4]([H:3])([C:31]#[N:32])[H:41])([C:11]#[N:12])[H:21],5.608704395566361
[F:1][C@:5]([C:4]([H:3])([H:31])[N+:41]([O-:42])[O:43])([N:11]([H:12])[H:13])[C:21]#[N:22].[H-:2]>>[F-:1].[H:2][C@@:5]([C:4]([H:3])([H:31])[N+:41]([O-:42])[O:43])([N:11]([H:12])[H:13])[C:21]#[N:22],16.90625099542384
[Cl:1][C:5]([C@:4]([H:3])([C:31]([H:32])([H:33])[H:34])[N:41]([H:42])[H:43])([C:11]#[N:12])[C:21]#[N:22].[F-:2]>>[Cl-:1].[F:2][C:5]([C@:4]([H:3])([C:31]([H:32])([H:33])[H:34])[N:41]([H:42])[H:43])([C:11]#[N:12])[C:21]#[N:22],17.68128358590706
[Cl:1][C@:5]([C@:4]([H:3])([C:31]#[N:32])[C:41]([H:42])([H:43])[H:44])([N+:11]([O-:12])[O:13])[C:21]#[N:22].[F-:2]>>[Cl-:1].[F:2][C@@:5]([C@:4]([H:3])([C:31]#[N:32])[C:41]([H:42])([H:43])[H:44])([N+:11]([O-:12])[O:13])[C:21]#[N:22],6.929663882865661
[F:1][C@:5]([C@:4]([H:3])([C:31]([H:32])([H:33])[H:34])[N:41]([H:42])[H:43])([C:11]([H:12])([H:13])[H:14])[C:21]#[N:22].[H-:2]>>[F-:1].[H:2][C@@:5]([C@:4]([H:3])([C:31]([H:32])([H:33])[H:34])[N:41]([H:42])[H:43])([C:11]([H:12])([H:13])[H:14])[C:21]#[N:22],18.80126455920425
[F-:2].[F:1][C@:5]([C@:4]([H:3])([C:31]#[N:32])[C:41]([H:42])([H:43])[H:44])([C:11]#[N:12])[H:21]>>[F-:1].[F:2][C@@:5]([C@:4]([H:3])([C:31]#[N:32])[C:41]([H:42])([H:43])[H:44])([C:11]#[N:12])[H:21],16.706680750983598
[F:1][C@:5]([C:4]([H:3])([N+:31]([O-:32])[O:33])[H:41])([C:11]([H:12])([H:13])[H:14])[H:21].[H-:2]>>[F-:1].[H:2][C:5]([C:4]([H:3])([N+:31]([O-:32])[O:33])[H:41])([C:11]([H:12])([H:13])[H:14])[H:21],17.673194461297587
[Cl:1][C:5]([C:4]([H:3])([H:31])[N:41]([H:42])[H:43])([C:11]#[N:12])[C:21]#[N:22].[F-:2]>>[Cl-:1].[F:2][C:5]([C:4]([H:3])([H:31])[N:41]([H:42])[H:43])([C:11]#[N:12])[C:21]#[N:22],10.657144772975084
[F:1][C:5]([C:4]([H:3])([N:31]([H:32])[H:33])[H:41])([H:11])[H:21].[H-:2]>>[F-:1].[H:2][C:5]([C:4]([H:3])([N:31]([H:32])[H:33])[H:41])([H:11])[H:21],16.952035282211362
[Br:1][C@:5]([C@:4]([H:3])([N:31]([H:32])[H:33])[N+:41]([O-:42])[O:43])([H:11])[C:21]#[N:22].[F-:2]>>[Br-:1].[F:2][C@@:5]([C@:4]([H:3])([N:31]([H:32])[H:33])[N+:41]([O-:42])[O:43])([H:11])[C:21]#[N:22],19.71327106687652
[Br-:2].[F:1][C@:5]([C:4]([H:3])([C:31]#[N:32])[H:41])([H:11])[C:21]([H:22])([H:23])[H:24]>>[Br:2][C@@:5]([C:4]([H:3])([C:31]#[N:32])[H:41])([H:11])[C:21]([H:22])([H:23])[H:24].[F-:1],44.74311476117454
[Br:1][C@:5]([C@:4]([H:3])([N:31]([H:32])[H:33])[N+:41]([O-:42])[O:43])([H:11])[N:21]([H:22])[H:23].[F-:2]>>[Br-:1].[F:2][C@@:5]([C@:4]([H:3])([N:31]([H:32])[H:33])[N+:41]([O-:42])[O:43])([H:11])[N:21]([H:22])[H:23],20.82188324916028
[Cl:1][C@:5]([C:4]([H:3])([H:31])[C:41]([H:42])([H:43])[H:44])([H:11])[C:21]([H:22])([H:23])[H:24].[H-:2]>>[Cl-:1].[H:2][C:5]([C:4]([H:3])([H:31])[C:41]([H:42])([H:43])[H:44])([H:11])[C:21]([H:22])([H:23])[H:24],6.0950920616196544
[Br:1][C@:5]([C:4]([H:3])([C:31]#[N:32])[C:41]#[N:42])([N:11]([H:12])[H:13])[C:21]([H:22])([H:23])[H:24].[F-:2]>>[Br-:1].[F:2][C@@:5]([C:4]([H:3])([C:31]#[N:32])[C:41]#[N:42])([N:11]([H:12])[H:13])[C:21]([H:22])([H:23])[H:24],28.7229693339783
[F-:2].[F:1][C:5]([C@:4]([H:3])([N+:31]([O-:32])[O:33])[C:41]([H:42])([H:43])[H:44])([N:11]([H:12])[H:13])[N:21]([H:22])[H:23]>>[F-:1].[F:2][C:5]([C@:4]([H:3])([N+:31]([O-:32])[O:33])[C:41]([H:42])([H:43])[H:44])([N:11]([H:12])[H:13])[N:21]([H:22])[H:23],42.63195573892981
[Cl:1][C@:5]([C:4]([H:3])([H:31])[C:41]([H:42])([H:43])[H:44])([C:11]([H:12])([H:13])[H:14])[C:21]#[N:22].[F-:2]>>[Cl-:1].[F:2][C@@:5]([C:4]([H:3])([H:31])[C:41]([H:42])([H:43])[H:44])([C:11]([H:12])([H:13])[H:14])[C:21]#[N:22],13.792189973048108
[F-:2].[F:1][C@:5]([C@:4]([H:3])([N+:31]([O-:32])[O:33])[C:41]#[N:42])([C:11]([H:12])([H:13])[H:14])[H:21]>>[F-:1].[F:2][C@@:5]([C@:4]([H:3])([N+:31]([O-:32])[O:33])[C:41]#[N:42])([C:11]([H:12])([H:13])[H:14])[H:21],8.606900121634531
[Br:1][C@:5]([C:4]([H:3])([C:31]([H:32])([H:33])[H:34])[H:41])([C:11]([H:12])([H:13])[H:14])[H:21].[F-:2]>>[Br-:1].[F:2][C@@:5]([C:4]([H:3])([C:31]([H:32])([H:33])[H:34])[H:41])([C:11]([H:12])([H:13])[H:14])[H:21],9.041829543245424
[Br-:2].[Br:1][C@:5]([C:4]([H:3])([H:31])[H:41])([C:11]#[N:12])[H:21]>>[Br-:1].[Br:2][C@@:5]([C:4]([H:3])([H:31])[H:41])([C:11]#[N:12])[H:21],21.983829223892737
[Cl-:2].[F:1][C:5]([C@:4]([H:3])([C:31]#[N:32])[N:41]([H:42])[H:43])([C:11]#[N:12])[C:21]#[N:22]>>[Cl:2][C:5]([C@:4]([H:3])([C:31]#[N:32])[N:41]([H:42])[H:43])([C:11]#[N:12])[C:21]#[N:22].[F-:1],29.904333739353213
[Cl-:2].[Cl:1][C@:5]([C:4]([H:3])([C:31]([H:32])([H:33])[H:34])[H:41])([H:11])[N+:21]([O-:22])[O:23]>>[Cl-:1].[Cl:2][C@@:5]([C:4]([H:3])([C:31]([H:32])([H:33])[H:34])[H:41])([H:11])[N+:21]([O-:22])[O:23],23.651073513590628
[Cl:1][C:5]([C@:4]([H:3])([N+:31]([O-:32])[O:33])[N:41]([H:42])[H:43])([H:11])[H:21].[F-:2]>>[Cl-:1].[F:2][C:5]([C@:4]([H:3])([N+:31]([O-:32])[O:33])[N:41]([H:42])[H:43])([H:11])[H:21],18.97220055132961
[Br-:2].[F:1][C@:5]([C:4]([H:3])([H:31])[H:41])([N+:11]([O-:12])[O:13])[N:21]([H:22])[H:23]>>[Br:2][C@@:5]([C:4]([H:3])([H:31])[H:41])([N+:11]([O-:12])[O:13])[N:21]([H:22])[H:23].[F-:1],52.492712278121225
[Br:1][C@:5]([C:4]([H:3])([C:31]#[N:32])[C:41]#[N:42])([H:11])[N:21]([H:22])[H:23].[F-:2]>>[Br-:1].[F:2][C@@:5]([C:4]([H:3])([C:31]#[N:32])[C:41]#[N:42])([H:11])[N:21]([H:22])[H:23],21.308643837274204
[Br-:2].[Br:1][C@:5]([C:4]([H:3])([C:31]([H:32])([H:33])[H:34])[H:41])([C:11]([H:12])([H:13])[H:14])[H:21]>>[Br-:1].[Br:2][C@@:5]([C:4]([H:3])([C:31]([H:32])([H:33])[H:34])[H:41])([C:11]([H:12])([H:13])[H:14])[H:21],24.158641721065628
[Cl-:2].[Cl:1][C@:5]([C:4]([H:3])([C:31]([H:32])([H:33])[H:34])[C:41]([H:42])([H:43])[H:44])([H:11])[C:21]#[N:22]>>[Cl-:1].[Cl:2][C@@:5]([C:4]([H:3])([C:31]([H:32])([H:33])[H:34])[C:41]([H:42])([H:43])[H:44])([H:11])[C:21]#[N:22],21.79056656916722
[Br:1][C@:5]([C@:4]([H:3])([N+:31]([O-:32])[O:33])[N:41]([H:42])[H:43])([C:11]([H:12])([H:13])[H:14])[H:21].[F-:2]>>[Br-:1].[F:2][C@@:5]([C@:4]([H:3])([N+:31]([O-:32])[O:33])[N:41]([H:42])[H:43])([C:11]([H:12])([H:13])[H:14])[H:21],13.98686795866203
[Cl:1][C@:5]([C@:4]([H:3])([N:31]([H:32])[H:33])[N+:41]([O-:42])[O:43])([H:11])[N:21]([H:22])[H:23].[F-:2]>>[Cl-:1].[F:2][C@@:5]([C@:4]([H:3])([N:31]([H:32])[H:33])[N+:41]([O-:42])[O:43])([H:11])[N:21]([H:22])[H:23],24.86124923535732
[Br:1][C:5]([C@:4]([H:3])([C:31]#[N:32])[N:41]([H:42])[H:43])([H:11])[H:21].[H-:2]>>[Br-:1].[H:2][C:5]([C@:4]([H:3])([C:31]#[N:32])[N:41]([H:42])[H:43])([H:11])[H:21],8.833041570932792
[Br-:2].[F:1][C@:5]([C:4]([H:3])([N+:31]([O-:32])[O:33])[H:41])([C:11]([H:12])([H:13])[H:14])[H:21]>>[Br:2][C@@:5]([C:4]([H:3])([N+:31]([O-:32])[O:33])[H:41])([C:11]([H:12])([H:13])[H:14])[H:21].[F-:1],47.28389348651496
[F-:2].[F:1][C:5]([C:4]([H:3])([H:31])[H:41])([C:11]([H:12])([H:13])[H:14])[C:21]#[N:22]>>[F-:1].[F:2][C:5]([C:4]([H:3])([H:31])[H:41])([C:11]([H:12])([H:13])[H:14])[C:21]#[N:22],19.458956995821733
[Br-:2].[F:1][C@:5]([C:4]([H:3])([C:31]#[N:32])[H:41])([N:11]([H:12])[H:13])[C:21]([H:22])([H:23])[H:24]>>[Br:2][C@@:5]([C:4]([H:3])([C:31]#[N:32])[H:41])([N:11]([H:12])[H:13])[C:21]([H:22])([H:23])[H:24].[F-:1],48.14917514821429
[Br-:2].[Br:1][C:5]([C@:4]([H:3])([N:31]([H:32])[H:33])[N+:41]([O-:42])[O:43])([C:11]([H:12])([H:13])[H:14])[C:21]([H:22])([H:23])[H:24]>>[Br-:1].[Br:2][C:5]([C@:4]([H:3])([N:31]([H:32])[H:33])[N+:41]([O-:42])[O:43])([C:11]([H:12])([H:13])[H:14])[C:21]([H:22])([H:23])[H:24],37.52492324939404
[Cl:1][C@:5]([C@:4]([H:3])([C:31]#[N:32])[N:41]([H:42])[H:43])([C:11]#[N:12])[N:21]([H:22])[H:23].[F-:2]>>[Cl-:1].[F:2][C@@:5]([C@:4]([H:3])([C:31]#[N:32])[N:41]([H:42])[H:43])([C:11]#[N:12])[N:21]([H:22])[H:23],22.993052260821447
[Br:1][C:5]([C:4]([H:3])([N:31]([H:32])[H:33])[N:41]([H:42])[H:43])([H:11])[H:21].[F-:2]>>[Br-:1].[F:2][C:5]([C:4]([H:3])([N:31]([H:32])[H:33])[N:41]([H:42])[H:43])([H:11])[H:21],26.89629274204956
[Br:1][C@:5]([C:4]([H:3])([N:31]([H:32])[H:33])[N:41]([H:42])[H:43])([H:11])[C:21]([H:22])([H:23])[H:24].[F-:2]>>[Br-:1].[F:2][C@@:5]([C:4]([H:3])([N:31]([H:32])[H:33])[N:41]([H:42])[H:43])([H:11])[C:21]([H:22])([H:23])[H:24],19.154772212211032
[F:1][C@:5]([C@:4]([H:3])([C:31]#[N:32])[C:41]([H:42])([H:43])[H:44])([H:11])[C:21]([H:22])([H:23])[H:24].[H-:2]>>[F-:1].[H:2][C:5]([C@:4]([H:3])([C:31]#[N:32])[C:41]([H:42])([H:43])[H:44])([H:11])[C:21]([H:22])([H:23])[H:24],20.27419421844096
[Br-:2].[F:1][C@:5]([C@:4]([H:3])([N+:31]([O-:32])[O:33])[N:41]([H:42])[H:43])([C:11]([H:12])([H:13])[H:14])[H:21]>>[Br:2][C@@:5]([C@:4]([H:3])([N+:31]([O-:32])[O:33])[N:41]([H:42])[H:43])([C:11]([H:12])([H:13])[H:14])[H:21].[F-:1],46.18517158523044
[Cl:1][C:5]([C@:4]([H:3])([C:31]#[N:32])[N:41]([H:42])[H:43])([H:11])[H:21].[F-:2]>>[Cl-:1].[F:2][C:5]([C@:4]([H:3])([C:31]#[N:32])[N:41]([H:42])[H:43])([H:11])[H:21],17.639406406546584
[Br-:2].[F:1][C@:5]([C@:4]([H:3])([C:31]#[N:32])[N+:41]([O-:42])[O:43])([H:11])[N:21]([H:22])[H:23]>>[Br:2][C@@:5]([C@:4]([H:3])([C:31]#[N:32])[N+:41]([O-:42])[O:43])([H:11])[N:21]([H:22])[H:23].[F-:1],53.670450074684375
[Br:1][C@:5]([C:4]([H:3])([N:31]([H:32])[H:33])[N:41]([H:42])[H:43])([C:11]#[N:12])[H:21].[F-:2]>>[Br-:1].[F:2][C@@:5]([C:4]([H:3])([N:31]([H:32])[H:33])[N:41]([H:42])[H:43])([C:11]#[N:12])[H:21],28.29243565824699
[F-:2].[F:1][C@:5]([C:4]([H:3])([N:31]([H:32])[H:33])[N:41]([H:42])[H:43])([N:11]([H:12])[H:13])[C:21]([H:22])([H:23])[H:24]>>[F-:1].[F:2][C@@:5]([C:4]([H:3])([N:31]([H:32])[H:33])[N:41]([H:42])[H:43])([N:11]([H:12])[H:13])[C:21]([H:22])([H:23])[H:24],49.79795953343944
[F-:2].[F:1][C@:5]([C@:4]([H:3])([N:31]([H:32])[H:33])[C:41]([H:42])([H:43])[H:44])([C:11]#[N:12])[H:21]>>[F-:1].[F:2][C@@:5]([C@:4]([H:3])([N:31]([H:32])[H:33])[C:41]([H:42])([H:43])[H:44])([C:11]#[N:12])[H:21],28.86585474191936
[Cl:1][C@:5]([C:4]([H:3])([C:31]#[N:32])[C:41]#[N:42])([C:11]#[N:12])[H:21].[F-:2]>>[Cl-:1].[F:2][C@@:5]([C:4]([H:3])([C:31]#[N:32])[C:41]#[N:42])([C:11]#[N:12])[H:21],5.753400966218653
[Cl:1][C@:5]([C@:4]([H:3])([C:31]([H:32])([H:33])[H:34])[N+:41]([O-:42])[O:43])([C:11]#[N:12])[N:21]([H:22])[H:23].[F-:2]>>[Cl-:1].[F:2][C@@:5]([C@:4]([H:3])([C:31]([H:32])([H:33])[H:34])[N+:41]([O-:42])[O:43])([C:11]#[N:12])[N:21]([H:22])[H:23],23.42759124390655
[Br-:2].[Cl:1][C@:5]([C@:4]([H:3])([C:31]([H:32])([H:33])[H:34])[N:41]([H:42])[H:43])([N+:11]([O-:12])[O:13])[H:21]>>[Br:2][C@@:5]([C@:4]([H:3])([C:31]([H:32])([H:33])[H:34])[N:41]([H:42])[H:43])([N+:11]([O-:12])[O:13])[H:21].[Cl-:1],33.949765592057766
[Br-:2].[F:1][C@:5]([C:4]([H:3])([N+:31]([O-:32])[O:33])[N+:41]([O-:42])[O:43])([N:11]([H:12])[H:13])[H:21]>>[Br:2][C@@:5]([C:4]([H:3])([N+:31]([O-:32])[O:33])[N+:41]([O-:42])[O:43])([N:11]([H:12])[H:13])[H:21].[F-:1],52.799629072548846
[F-:2].[F:1][C@:5]([C@:4]([H:3])([C:31]([H:32])([H:33])[H:34])[N:41]([H:42])[H:43])([C:11]([H:12])([H:13])[H:14])[C:21]#[N:22]>>[F-:1].[F:2][C@@:5]([C@:4]([H:3])([C:31]([H:32])([H:33])[H:34])[N:41]([H:42])[H:43])([C:11]([H:12])([H:13])[H:14])[C:21]#[N:22],30.680657172595847
[Cl-:2].[Cl:1][C@:5]([C:4]([H:3])([C:31]([H:32])([H:33])[H:34])[H:41])([N+:11]([O-:12])[O:13])[N:21]([H:22])[H:23]>>[Cl-:1].[Cl:2][C@@:5]([C:4]([H:3])([C:31]([H:32])([H:33])[H:34])[H:41])([N+:11]([O-:12])[O:13])[N:21]([H:22])[H:23],35.5928731013589
[F-:2].[F:1][C@:5]([C@:4]([H:3])([C:31]#[N:32])[C:41]([H:42])([H:43])[H:44])([N:11]([H:12])[H:13])[C:21]#[N:22]>>[F-:1].[F:2][C@@:5]([C@:4]([H:3])([C:31]#[N:32])[C:41]([H:42])([H:43])[H:44])([N:11]([H:12])[H:13])[C:21]#[N:22],31.50478026875785
[Cl:1][C@:5]([C@:4]([H:3])([N+:31]([O-:32])[O:33])[C:41]#[N:42])([H:11])[C:21]([H:22])([H:23])[H:24].[F-:2]>>[Cl-:1].[F:2][C@@:5]([C@:4]([H:3])([N+:31]([O-:32])[O:33])[C:41]#[N:42])([H:11])[C:21]([H:22])([H:23])[H:24],8.648493747263021
[Br:1][C@:5]([C:4]([H:3])([C:31]#[N:32])[H:41])([H:11])[N+:21]([O-:22])[O:23].[F-:2]>>[Br-:1].[F:2][C@@:5]([C:4]([H:3])([C:31]#[N:32])[H:41])([H:11])[N+:21]([O-:22])[O:23],8.148025760547915
[Br-:2].[Br:1][C@:5]([C@:4]([H:3])([N:31]([H:32])[H:33])[C:41]#[N:42])([C:11]([H:12])([H:13])[H:14])[H:21]>>[Br-:1].[Br:2][C@@:5]([C@:4]([H:3])([N:31]([H:32])[H:33])[C:41]#[N:42])([C:11]([H:12])([H:13])[H:14])[H:21],32.43211578423696
[Br:1][C@:5]([C:4]([H:3])([H:31])[C:41]#[N:42])([C:11]#[N:12])[N:21]([H:22])[H:23].[Cl-:2]>>[Br-:1].[Cl:2][C@@:5]([C:4]([H:3])([H:31])[C:41]#[N:42])([C:11]#[N:12])[N:21]([H:22])[H:23],29.39105427853514
[F-:2].[F:1][C@:5]([C:4]([H:3])([N:31]([H:32])[H:33])[H:41])([N+:11]([O-:12])[O:13])[C:21]#[N:22]>>[F-:1].[F:2][C@@:5]([C:4]([H:3])([N:31]([H:32])[H:33])[H:41])([N+:11]([O-:12])[O:13])[C:21]#[N:22],23.51443625782343
[Br:1][C@:5]([C:4]([H:3])([H:31])[H:41])([N:11]([H:12])[H:13])[N+:21]([O-:22])[O:23].[F-:2]>>[Br-:1].[F:2][C@@:5]([C:4]([H:3])([H:31])[H:41])([N:11]([H:12])[H:13])[N+:21]([O-:22])[O:23],16.8531970811419
[F-:2].[F:1][C@:5]([C@:4]([H:3])([C:31]#[N:32])[N:41]([H:42])[H:43])([H:11])[N+:21]([O-:22])[O:23]>>[F-:1].[F:2][C@@:5]([C@:4]([H:3])([C:31]#[N:32])[N:41]([H:42])[H:43])([H:11])[N+:21]([O-:22])[O:23],19.539736471244407
[Br-:2].[Br:1][C@:5]([C@:4]([H:3])([N:31]([H:32])[H:33])[C:41]#[N:42])([N+:11]([O-:12])[O:13])[H:21]>>[Br-:1].[Br:2][C@@:5]([C@:4]([H:3])([N:31]([H:32])[H:33])[C:41]#[N:42])([N+:11]([O-:12])[O:13])[H:21],31.83736884705869
[Br:1][C@:5]([C@:4]([H:3])([C:31]([H:32])([H:33])[H:34])[N:41]([H:42])[H:43])([H:11])[N:21]([H:22])[H:23].[H-:2]>>[Br-:1].[H:2][C:5]([C@:4]([H:3])([C:31]([H:32])([H:33])[H:34])[N:41]([H:42])[H:43])([H:11])[N:21]([H:22])[H:23],18.564606897532467
[Cl-:2].[F:1][C:5]([C:4]([H:3])([N:31]([H:32])[H:33])[N:41]([H:42])[H:43])([C:11]([H:12])([H:13])[H:14])[C:21]([H:22])([H:23])[H:24]>>[Cl:2][C:5]([C:4]([H:3])([N:31]([H:32])[H:33])[N:41]([H:42])[H:43])([C:11]([H:12])([H:13])[H:14])[C:21]([H:22])([H:23])[H:24].[F-:1],55.7888628556111
[F:1][C@:5]([C@:4]([H:3])([C:31]([H:32])([H:33])[H:34])[N:41]([H:42])[H:43])([N:11]([H:12])[H:13])[C:21]#[N:22].[H-:2]>>[F-:1].[H:2][C@@:5]([C@:4]([H:3])([C:31]([H:32])([H:33])[H:34])[N:41]([H:42])[H:43])([N:11]([H:12])[H:13])[C:21]#[N:22],30.190935718654867
[Br:1][C@:5]([C@:4]([H:3])([C:31]#[N:32])[C:41]([H:42])([H:43])[H:44])([N:11]([H:12])[H:13])[H:21].[F-:2]>>[Br-:1].[F:2][C@@:5]([C@:4]([H:3])([C:31]#[N:32])[C:41]([H:42])([H:43])[H:44])([N:11]([H:12])[H:13])[H:21],14.318384995315522
[F-:2].[F:1][C@:5]([C@:4]([H:3])([C:31]#[N:32])[N:41]([H:42])[H:43])([C:11]([H:12])([H:13])[H:14])[N:21]([H:22])[H:23]>>[F-:1].[F:2][C@@:5]([C@:4]([H:3])([C:31]#[N:32])[N:41]([H:42])[H:43])([C:11]([H:12])([H:13])[H:14])[N:21]([H:22])[H:23],42.743806194360815
[Br:1][C@:5]([C@:4]([H:3])([N+:31]([O-:32])[O:33])[C:41]#[N:42])([N:11]([H:12])[H:13])[C:21]#[N:22].[F-:2]>>[Br-:1].[F:2][C@@:5]([C@:4]([H:3])([N+:31]([O-:32])[O:33])[C:41]#[N:42])([N:11]([H:12])[H:13])[C:21]#[N:22],19.1838290492328
[Cl:1][C:5]([C:4]([H:3])([C:31]#[N:32])[H:41])([H:11])[H:21].[H-:2]>>[Cl-:1].[H:2][C:5]([C:4]([H:3])([C:31]#[N:32])[H:41])([H:11])[H:21],2.343511507770049
[Cl:1][C@:5]([C@:4]([H:3])([N:31]([H:32])[H:33])[C:41]([H:42])([H:43])[H:44])([N+:11]([O-:12])[O:13])[N:21]([H:22])[H:23].[F-:2]>>[Cl-:1].[F:2][C@@:5]([C@:4]([H:3])([N:31]([H:32])[H:33])[C:41]([H:42])([H:43])[H:44])([N+:11]([O-:12])[O:13])[N:21]([H:22])[H:23],33.72319347066151
[Br-:2].[Cl:1][C@:5]([C@:4]([H:3])([N:31]([H:32])[H:33])[C:41]#[N:42])([C:11]([H:12])([H:13])[H:14])[H:21]>>[Br:2][C@@:5]([C@:4]([H:3])([N:31]([H:32])[H:33])[C:41]#[N:42])([C:11]([H:12])([H:13])[H:14])[H:21].[Cl-:1],37.8717388509869
[Cl:1][C@:5]([C@:4]([H:3])([C:31]([H:32])([H:33])[H:34])[N+:41]([O-:42])[O:43])([C:11]([H:12])([H:13])[H:14])[N:21]([H:22])[H:23].[H-:2]>>[Cl-:1].[H:2][C@@:5]([C@:4]([H:3])([C:31]([H:32])([H:33])[H:34])[N+:41]([O-:42])[O:43])([C:11]([H:12])([H:13])[H:14])[N:21]([H:22])[H:23],24.042542840757665
[Br:1][C@:5]([C@:4]([H:3])([N+:31]([O-:32])[O:33])[C:41]#[N:42])([C:11]#[N:12])[H:21].[Cl-:2]>>[Br-:1].[Cl:2][C@@:5]([C@:4]([H:3])([N+:31]([O-:32])[O:33])[C:41]#[N:42])([C:11]#[N:12])[H:21],23.02762529997104
[Cl-:2].[Cl:1][C@:5]([C@:4]([H:3])([N:31]([H:32])[H:33])[C:41]#[N:42])([H:11])[C:21]([H:22])([H:23])[H:24]>>[Cl-:1].[Cl:2][C@@:5]([C@:4]([H:3])([N:31]([H:32])[H:33])[C:41]#[N:42])([H:11])[C:21]([H:22])([H:23])[H:24],25.81524243475061
[F:1][C@:5]([C@:4]([H:3])([C:31]#[N:32])[N+:41]([O-:42])[O:43])([C:11]([H:12])([H:13])[H:14])[H:21].[H-:2]>>[F-:1].[H:2][C:5]([C@:4]([H:3])([C:31]#[N:32])[N+:41]([O-:42])[O:43])([C:11]([H:12])([H:13])[H:14])[H:21],16.853707596480767
[Br-:2].[Cl:1][C@:5]([C@:4]([H:3])([N:31]([H:32])[H:33])[C:41]([H:42])([H:43])[H:44])([H:11])[C:21]#[N:22]>>[Br:2][C@@:5]([C@:4]([H:3])([N:31]([H:32])[H:33])[C:41]([H:42])([H:43])[H:44])([H:11])[C:21]#[N:22].[Cl-:1],33.44626401140208
[Br-:2].[F:1][C:5]([C@:4]([H:3])([N:31]([H:32])[H:33])[C:41]#[N:42])([C:11]([H:12])([H:13])[H:14])[C:21]([H:22])([H:23])[H:24]>>[Br:2][C:5]([C@:4]([H:3])([N:31]([H:32])[H:33])[C:41]#[N:42])([C:11]([H:12])([H:13])[H:14])[C:21]([H:22])([H:23])[H:24].[F-:1],58.88401682496802
[Br:1][C@:5]([C:4]([H:3])([C:31]#[N:32])[C:41]#[N:42])([H:11])[C:21]([H:22])([H:23])[H:24].[Cl-:2]>>[Br-:1].[Cl:2][C@@:5]([C:4]([H:3])([C:31]#[N:32])[C:41]#[N:42])([H:11])[C:21]([H:22])([H:23])[H:24],25.026063745193216
[Cl:1][C@:5]([C:4]([H:3])([H:31])[H:41])([N+:11]([O-:12])[O:13])[N:21]([H:22])[H:23].[H-:2]>>[Cl-:1].[H:2][C@@:5]([C:4]([H:3])([H:31])[H:41])([N+:11]([O-:12])[O:13])[N:21]([H:22])[H:23],7.566349595678599
[Cl:1][C@:5]([C:4]([H:3])([C:31]#[N:32])[H:41])([C:11]#[N:12])[N:21]([H:22])[H:23].[F-:2]>>[Cl-:1].[F:2][C@@:5]([C:4]([H:3])([C:31]#[N:32])[H:41])([C:11]#[N:12])[N:21]([H:22])[H:23],13.928574522959911
[Br:1][C@:5]([C@:4]([H:3])([C:31]#[N:32])[N+:41]([O-:42])[O:43])([H:11])[C:21]#[N:22].[Cl-:2]>>[Br-:1].[Cl:2][C@@:5]([C@:4]([H:3])([C:31]#[N:32])[N+:41]([O-:42])[O:43])([H:11])[C:21]#[N:22],21.268324679656715
[F:1][C@:5]([C:4]([H:3])([C:31]([H:32])([H:33])[H:34])[H:41])([C:11]#[N:12])[C:21]([H:22])([H:23])[H:24].[H-:2]>>[F-:1].[H:2][C@@:5]([C:4]([H:3])([C:31]([H:32])([H:33])[H:34])[H:41])([C:11]#[N:12])[C:21]([H:22])([H:23])[H:24],12.244663945537074
[Cl-:2].[Cl:1][C:5]([C@:4]([H:3])([N:31]([H:32])[H:33])[C:41]([H:42])([H:43])[H:44])([C:11]#[N:12])[C:21]#[N:22]>>[Cl-:1].[Cl:2][C:5]([C@:4]([H:3])([N:31]([H:32])[H:33])[C:41]([H:42])([H:43])[H:44])([C:11]#[N:12])[C:21]#[N:22],23.882827281583896
[F-:2].[F:1][C@:5]([C@:4]([H:3])([C:31]#[N:32])[N:41]([H:42])[H:43])([H:11])[C:21]#[N:22]>>[F-:1].[F:2][C@@:5]([C@:4]([H:3])([C:31]#[N:32])[N:41]([H:42])[H:43])([H:11])[C:21]#[N:22],24.171320495392948
[Br:1][C@:5]([C@:4]([H:3])([C:31]#[N:32])[N:41]([H:42])[H:43])([C:11]#[N:12])[H:21].[Cl-:2]>>[Br-:1].[Cl:2][C@@:5]([C@:4]([H:3])([C:31]#[N:32])[N:41]([H:42])[H:43])([C:11]#[N:12])[H:21],18.56418811745764
[Br:1][C:5]([C@:4]([H:3])([N+:31]([O-:32])[O:33])[N:41]([H:42])[H:43])([H:11])[H:21].[F-:2]>>[Br-:1].[F:2][C:5]([C@:4]([H:3])([N+:31]([O-:32])[O:33])[N:41]([H:42])[H:43])([H:11])[H:21],15.12835664755168
[Br:1][C@:5]([C@:4]([H:3])([N+:31]([O-:32])[O:33])[C:41]([H:42])([H:43])[H:44])([N:11]([H:12])[H:13])[H:21].[H-:2]>>[Br-:1].[H:2][C:5]([C@:4]([H:3])([N+:31]([O-:32])[O:33])[C:41]([H:42])([H:43])[H:44])([N:11]([H:12])[H:13])[H:21],14.695198981819964
[Br:1][C@:5]([C:4]([H:3])([N+:31]([O-:32])[O:33])[H:41])([C:11]#[N:12])[C:21]([H:22])([H:23])[H:24].[F-:2]>>[Br-:1].[F:2][C@@:5]([C:4]([H:3])([N+:31]([O-:32])[O:33])[H:41])([C:11]#[N:12])[C:21]([H:22])([H:23])[H:24],8.9021650433169
[F-:2].[F:1][C:5]([C:4]([H:3])([C:31]([H:32])([H:33])[H:34])[C:41]([H:42])([H:43])[H:44])([C:11]([H:12])([H:13])[H:14])[C:21]([H:22])([H:23])[H:24]>>[F-:1].[F:2][C:5]([C:4]([H:3])([C:31]([H:32])([H:33])[H:34])[C:41]([H:42])([H:43])[H:44])([C:11]([H:12])([H:13])[H:14])[C:21]([H:22])([H:23])[H:24],35.05353838663943
[Br:1][C@:5]([C:4]([H:3])([N:31]([H:32])[H:33])[N:41]([H:42])[H:43])([N+:11]([O-:12])[O:13])[H:21].[H-:2]>>[Br-:1].[H:2][C:5]([C:4]([H:3])([N:31]([H:32])[H:33])[N:41]([H:42])[H:43])([N+:11]([O-:12])[O:13])[H:21],10.500681603205551
[Cl-:2].[Cl:1][C:5]([C:4]([H:3])([H:31])[H:41])([C:11]#[N:12])[C:21]#[N:22]>>[Cl-:1].[Cl:2][C:5]([C:4]([H:3])([H:31])[H:41])([C:11]#[N:12])[C:21]#[N:22],15.10066078868756
[Cl:1][C:5]([C@:4]([H:3])([N:31]([H:32])[H:33])[C:41]#[N:42])([N:11]([H:12])[H:13])[N:21]([H:22])[H:23].[H-:2]>>[Cl-:1].[H:2][C:5]([C@:4]([H:3])([N:31]([H:32])[H:33])[C:41]#[N:42])([N:11]([H:12])[H:13])[N:21]([H:22])[H:23],28.545959187939008
[Br:1][C@:5]([C:4]([H:3])([C:31]([H:32])([H:33])[H:34])[H:41])([C:11]([H:12])([H:13])[H:14])[N+:21]([O-:22])[O:23].[H-:2]>>[Br-:1].[H:2][C@@:5]([C:4]([H:3])([C:31]([H:32])([H:33])[H:34])[H:41])([C:11]([H:12])([H:13])[H:14])[N+:21]([O-:22])[O:23],5.979621297355276
[Br:1][C:5]([C:4]([H:3])([C:31]([H:32])([H:33])[H:34])[H:41])([C:11]([H:12])([H:13])[H:14])[C:21]([H:22])([H:23])[H:24].[H-:2]>>[Br-:1].[H:2][C:5]([C:4]([H:3])([C:31]([H:32])([H:33])[H:34])[H:41])([C:11]([H:12])([H:13])[H:14])[C:21]([H:22])([H:23])[H:24],16.32671469823302
[Cl:1][C@:5]([C:4]([H:3])([C:31]([H:32])([H:33])[H:34])[H:41])([N+:11]([O-:12])[O:13])[C:21]([H:22])([H:23])[H:24].[F-:2]>>[Cl-:1].[F:2][C@@:5]([C:4]([H:3])([C:31]([H:32])([H:33])[H:34])[H:41])([N+:11]([O-:12])[O:13])[C:21]([H:22])([H:23])[H:24],10.531081328977589
[Br:1][C@:5]([C@:4]([H:3])([C:31]([H:32])([H:33])[H:34])[C:41]#[N:42])([C:11]#[N:12])[H:21].[Cl-:2]>>[Br-:1].[Cl:2][C@@:5]([C@:4]([H:3])([C:31]([H:32])([H:33])[H:34])[C:41]#[N:42])([C:11]#[N:12])[H:21],23.30184090607069
[Cl-:2].[F:1][C:5]([C:4]([H:3])([C:31]([H:32])([H:33])[H:34])[C:41]([H:42])([H:43])[H:44])([C:11]([H:12])([H:13])[H:14])[C:21]([H:22])([H:23])[H:24]>>[Cl:2][C:5]([C:4]([H:3])([C:31]([H:32])([H:33])[H:34])[C:41]([H:42])([H:43])[H:44])([C:11]([H:12])([H:13])[H:14])[C:21]([H:22])([H:23])[H:24].[F-:1],49.36264111268128
[F-:2].[F:1][C@:5]([C@:4]([H:3])([C:31]([H:32])([H:33])[H:34])[C:41]#[N:42])([N:11]([H:12])[H:13])[H:21]>>[F-:1].[F:2][C@@:5]([C@:4]([H:3])([C:31]([H:32])([H:33])[H:34])[C:41]#[N:42])([N:11]([H:12])[H:13])[H:21],30.66569377869636
[Br-:2].[Cl:1][C@:5]([C:4]([H:3])([H:31])[N+:41]([O-:42])[O:43])([C:11]([H:12])([H:13])[H:14])[C:21]#[N:22]>>[Br:2][C@@:5]([C:4]([H:3])([H:31])[N+:41]([O-:42])[O:43])([C:11]([H:12])([H:13])[H:14])[C:21]#[N:22].[Cl-:1],31.32200322070589
[Br:1][C@:5]([C:4]([H:3])([H:31])[N+:41]([O-:42])[O:43])([C:11]#[N:12])[N:21]([H:22])[H:23].[H-:2]>>[Br-:1].[H:2][C@@:5]([C:4]([H:3])([H:31])[N+:41]([O-:42])[O:43])([C:11]#[N:12])[N:21]([H:22])[H:23],9.158396687235417
[Cl:1][C@:5]([C:4]([H:3])([N:31]([H:32])[H:33])[H:41])([H:11])[N+:21]([O-:22])[O:23].[F-:2]>>[Cl-:1].[F:2][C@@:5]([C:4]([H:3])([N:31]([H:32])[H:33])[H:41])([H:11])[N+:21]([O-:22])[O:23],15.115413491124237
[Cl-:2].[F:1][C@:5]([C:4]([H:3])([H:31])[N:41]([H:42])[H:43])([H:11])[C:21]#[N:22]>>[Cl:2][C@@:5]([C:4]([H:3])([H:31])[N:41]([H:42])[H:43])([H:11])[C:21]#[N:22].[F-:1],40.36765567425174
[Br:1][C@:5]([C:4]([H:3])([C:31]([H:32])([H:33])[H:34])[H:41])([C:11]#[N:12])[H:21].[F-:2]>>[Br-:1].[F:2][C@@:5]([C:4]([H:3])([C:31]([H:32])([H:33])[H:34])[H:41])([C:11]#[N:12])[H:21],6.6775729116464495
[Cl-:2].[Cl:1][C@:5]([C:4]([H:3])([N:31]([H:32])[H:33])[N:41]([H:42])[H:43])([N+:11]([O-:12])[O:13])[C:21]([H:22])([H:23])[H:24]>>[Cl-:1].[Cl:2][C@@:5]([C:4]([H:3])([N:31]([H:32])[H:33])[N:41]([H:42])[H:43])([N+:11]([O-:12])[O:13])[C:21]([H:22])([H:23])[H:24],45.82661744916975
[Br-:2].[Cl:1][C@:5]([C:4]([H:3])([N:31]([H:32])[H:33])[N:41]([H:42])[H:43])([H:11])[N+:21]([O-:22])[O:23]>>[Br:2][C@@:5]([C:4]([H:3])([N:31]([H:32])[H:33])[N:41]([H:42])[H:43])([H:11])[N+:21]([O-:22])[O:23].[Cl-:1],33.20580104048631
[F-:2].[F:1][C:5]([C@:4]([H:3])([C:31]#[N:32])[N:41]([H:42])[H:43])([C:11]#[N:12])[C:21]#[N:22]>>[F-:1].[F:2][C:5]([C@:4]([H:3])([C:31]#[N:32])[N:41]([H:42])[H:43])([C:11]#[N:12])[C:21]#[N:22],20.89154160183673
[F:1][C@:5]([C:4]([H:3])([C:31]([H:32])([H:33])[H:34])[C:41]([H:42])([H:43])[H:44])([C:11]([H:12])([H:13])[H:14])[N:21]([H:22])[H:23].[H-:2]>>[F-:1].[H:2][C@@:5]([C:4]([H:3])([C:31]([H:32])([H:33])[H:34])[C:41]([H:42])([H:43])[H:44])([C:11]([H:12])([H:13])[H:14])[N:21]([H:22])[H:23],34.07585062618218
[Br-:2].[F:1][C@:5]([C:4]([H:3])([C:31]([H:32])([H:33])[H:34])[H:41])([C:11]#[N:12])[C:21]([H:22])([H:23])[H:24]>>[Br:2][C@@:5]([C:4]([H:3])([C:31]([H:32])([H:33])[H:34])[H:41])([C:11]#[N:12])[C:21]([H:22])([H:23])[H:24].[F-:1],44.99937674812096
[Cl-:2].[F:1][C@:5]([C:4]([H:3])([H:31])[N+:41]([O-:42])[O:43])([N+:11]([O-:12])[O:13])[N:21]([H:22])[H:23]>>[Cl:2][C@@:5]([C:4]([H:3])([H:31])[N+:41]([O-:42])[O:43])([N+:11]([O-:12])[O:13])[N:21]([H:22])[H:23].[F-:1],52.88414348116374
[F:1][C:5]([C@:4]([H:3])([C:31]([H:32])([H:33])[H:34])[N+:41]([O-:42])[O:43])([N:11]([H:12])[H:13])[N:21]([H:22])[H:23].[H-:2]>>[F-:1].[H:2][C:5]([C@:4]([H:3])([C:31]([H:32])([H:33])[H:34])[N+:41]([O-:42])[O:43])([N:11]([H:12])[H:13])[N:21]([H:22])[H:23],33.323440301561035
[Br:1][C@:5]([C@:4]([H:3])([N:31]([H:32])[H:33])[C:41]#[N:42])([N+:11]([O-:12])[O:13])[C:21]([H:22])([H:23])[H:24].[F-:2]>>[Br-:1].[F:2][C@@:5]([C@:4]([H:3])([N:31]([H:32])[H:33])[C:41]#[N:42])([N+:11]([O-:12])[O:13])[C:21]([H:22])([H:23])[H:24],20.083089592078856
[F:1][C@:5]([C:4]([H:3])([N+:31]([O-:32])[O:33])[H:41])([N:11]([H:12])[H:13])[N+:21]([O-:22])[O:23].[H-:2]>>[F-:1].[H:2][C@@:5]([C:4]([H:3])([N+:31]([O-:32])[O:33])[H:41])([N:11]([H:12])[H:13])[N+:21]([O-:22])[O:23],13.457441617347708
[F-:2].[F:1][C@:5]([C@:4]([H:3])([N+:31]([O-:32])[O:33])[C:41]([H:42])([H:43])[H:44])([N:11]([H:12])[H:13])[H:21]>>[F-:1].[F:2][C@@:5]([C@:4]([H:3])([N+:31]([O-:32])[O:33])[C:41]([H:42])([H:43])[H:44])([N:11]([H:12])[H:13])[H:21],28.359852489398648
[Cl:1][C@:5]([C:4]([H:3])([H:31])[C:41]#[N:42])([N:11]([H:12])[H:13])[C:21]([H:22])([H:23])[H:24].[H-:2]>>[Cl-:1].[H:2][C@@:5]([C:4]([H:3])([H:31])[C:41]#[N:42])([N:11]([H:12])[H:13])[C:21]([H:22])([H:23])[H:24],26.195546393971057
[Cl-:2].[F:1][C:5]([C:4]([H:3])([H:31])[N+:41]([O-:42])[O:43])([H:11])[H:21]>>[Cl:2][C:5]([C:4]([H:3])([H:31])[N+:41]([O-:42])[O:43])([H:11])[H:21].[F-:1],42.8520463183708
[Br-:2].[Cl:1][C@:5]([C:4]([H:3])([C:31]([H:32])([H:33])[H:34])[H:41])([N+:11]([O-:12])[O:13])[C:21]#[N:22]>>[Br:2][C@@:5]([C:4]([H:3])([C:31]([H:32])([H:33])[H:34])[H:41])([N+:11]([O-:12])[O:13])[C:21]#[N:22].[Cl-:1],22.22167270772968
[Cl:1][C@:5]([C@:4]([H:3])([C:31]#[N:32])[N:41]([H:42])[H:43])([C:11]#[N:12])[N:21]([H:22])[H:23].[H-:2]>>[Cl-:1].[H:2][C@@:5]([C@:4]([H:3])([C:31]#[N:32])[N:41]([H:42])[H:43])([C:11]#[N:12])[N:21]([H:22])[H:23],12.925545443331185
[F-:2].[F:1][C@:5]([C@:4]([H:3])([C:31]([H:32])([H:33])[H:34])[N:41]([H:42])[H:43])([N+:11]([O-:12])[O:13])[H:21]>>[F-:1].[F:2][C@@:5]([C@:4]([H:3])([C:31]([H:32])([H:33])[H:34])[N:41]([H:42])[H:43])([N+:11]([O-:12])[O:13])[H:21],25.30451209641453
[Br:1][C@:5]([C:4]([H:3])([N+:31]([O-:32])[O:33])[H:41])([C:11]([H:12])([H:13])[H:14])[H:21].[Cl-:2]>>[Br-:1].[Cl:2][C@@:5]([C:4]([H:3])([N+:31]([O-:32])[O:33])[H:41])([C:11]([H:12])([H:13])[H:14])[H:21],24.81018869671785
[Cl:1][C@:5]([C@:4]([H:3])([C:31]([H:32])([H:33])[H:34])[C:41]#[N:42])([N+:11]([O-:12])[O:13])[C:21]([H:22])([H:23])[H:24].[H-:2]>>[Cl-:1].[H:2][C@@:5]([C@:4]([H:3])([C:31]([H:32])([H:33])[H:34])[C:41]#[N:42])([N+:11]([O-:12])[O:13])[C:21]([H:22])([H:23])[H:24],5.8783541493133695
[F:1][C@:5]([C:4]([H:3])([C:31]([H:32])([H:33])[H:34])[C:41]([H:42])([H:43])[H:44])([C:11]([H:12])([H:13])[H:14])[N+:21]([O-:22])[O:23].[H-:2]>>[F-:1].[H:2][C@@:5]([C:4]([H:3])([C:31]([H:32])([H:33])[H:34])[C:41]([H:42])([H:43])[H:44])([C:11]([H:12])([H:13])[H:14])[N+:21]([O-:22])[O:23],7.203323722179565
[Br-:2].[Br:1][C@:5]([C:4]([H:3])([C:31]([H:32])([H:33])[H:34])[H:41])([H:11])[C:21]([H:22])([H:23])[H:24]>>[Br-:1].[Br:2][C@@:5]([C:4]([H:3])([C:31]([H:32])([H:33])[H:34])[H:41])([H:11])[C:21]([H:22])([H:23])[H:24],24.0662770011674
[F-:2].[F:1][C@:5]([C:4]([H:3])([N:31]([H:32])[H:33])[N:41]([H:42])[H:43])([C:11]([H:12])([H:13])[H:14])[C:21]#[N:22]>>[F-:1].[F:2][C@@:5]([C:4]([H:3])([N:31]([H:32])[H:33])[N:41]([H:42])[H:43])([C:11]([H:12])([H:13])[H:14])[C:21]#[N:22],36.72827981049512
[Cl:1][C:5]([C@:4]([H:3])([N+:31]([O-:32])[O:33])[C:41]#[N:42])([H:11])[H:21].[F-:2]>>[Cl-:1].[F:2][C:5]([C@:4]([H:3])([N+:31]([O-:32])[O:33])[C:41]#[N:42])([H:11])[H:21],7.653547353641358
[Br-:2].[F:1][C:5]([C:4]([H:3])([N:31]([H:32])[H:33])[N:41]([H:42])[H:43])([H:11])[H:21]>>[Br:2][C:5]([C:4]([H:3])([N:31]([H:32])[H:33])[N:41]([H:42])[H:43])([H:11])[H:21].[F-:1],54.196454225410086
[F-:2].[F:1][C@:5]([C@:4]([H:3])([N:31]([H:32])[H:33])[N+:41]([O-:42])[O:43])([H:11])[C:21]([H:22])([H:23])[H:24]>>[F-:1].[F:2][C@@:5]([C@:4]([H:3])([N:31]([H:32])[H:33])[N+:41]([O-:42])[O:43])([H:11])[C:21]([H:22])([H:23])[H:24],34.26727575729252
[Cl:1][C@:5]([C@:4]([H:3])([C:31]([H:32])([H:33])[H:34])[N:41]([H:42])[H:43])([C:11]([H:12])([H:13])[H:14])[C:21]#[N:22].[F-:2]>>[Cl-:1].[F:2][C@@:5]([C@:4]([H:3])([C:31]([H:32])([H:33])[H:34])[N:41]([H:42])[H:43])([C:11]([H:12])([H:13])[H:14])[C:21]#[N:22],22.59342948467844
[Br:1][C@:5]([C:4]([H:3])([N+:31]([O-:32])[O:33])[H:41])([C:11]([H:12])([H:13])[H:14])[C:21]#[N:22].[Cl-:2]>>[Br-:1].[Cl:2][C@@:5]([C:4]([H:3])([N+:31]([O-:32])[O:33])[H:41])([C:11]([H:12])([H:13])[H:14])[C:21]#[N:22],28.70403170566906
[Cl:1][C@:5]([C:4]([H:3])([N+:31]([O-:32])[O:33])[N+:41]([O-:42])[O:43])([C:11]#[N:12])[C:21]([H:22])([H:23])[H:24].[F-:2]>>[Cl-:1].[F:2][C@@:5]([C:4]([H:3])([N+:31]([O-:32])[O:33])[N+:41]([O-:42])[O:43])([C:11]#[N:12])[C:21]([H:22])([H:23])[H:24],4.432779291671535
[F:1][C@:5]([C@:4]([H:3])([C:31]([H:32])([H:33])[H:34])[C:41]#[N:42])([C:11]#[N:12])[H:21].[H-:2]>>[F-:1].[H:2][C:5]([C@:4]([H:3])([C:31]([H:32])([H:33])[H:34])[C:41]#[N:42])([C:11]#[N:12])[H:21],9.611990061361102
[F-:2].[F:1][C:5]([C@:4]([H:3])([C:31]#[N:32])[C:41]([H:42])([H:43])[H:44])([H:11])[H:21]>>[F-:1].[F:2][C:5]([C@:4]([H:3])([C:31]#[N:32])[C:41]([H:42])([H:43])[H:44])([H:11])[H:21],21.86151671577685
[Cl-:2].[F:1][C@:5]([C:4]([H:3])([N:31]([H:32])[H:33])[H:41])([C:11]#[N:12])[H:21]>>[Cl:2][C@@:5]([C:4]([H:3])([N:31]([H:32])[H:33])[H:41])([C:11]#[N:12])[H:21].[F-:1],41.39692980484206
[F-:2].[F:1][C@:5]([C:4]([H:3])([N:31]([H:32])[H:33])[N:41]([H:42])[H:43])([H:11])[N+:21]([O-:22])[O:23]>>[F-:1].[F:2][C@@:5]([C:4]([H:3])([N:31]([H:32])[H:33])[N:41]([H:42])[H:43])([H:11])[N+:21]([O-:22])[O:23],28.04188695393524
[F-:2].[F:1][C@:5]([C@:4]([H:3])([N:31]([H:32])[H:33])[N+:41]([O-:42])[O:43])([H:11])[N:21]([H:22])[H:23]>>[F-:1].[F:2][C@@:5]([C@:4]([H:3])([N:31]([H:32])[H:33])[N+:41]([O-:42])[O:43])([H:11])[N:21]([H:22])[H:23],36.2192822642026
[F:1][C@:5]([C@:4]([H:3])([C:31]([H:32])([H:33])[H:34])[N:41]([H:42])[H:43])([C:11]([H:12])([H:13])[H:14])[N:21]([H:22])[H:23].[H-:2]>>[F-:1].[H:2][C@@:5]([C@:4]([H:3])([C:31]([H:32])([H:33])[H:34])[N:41]([H:42])[H:43])([C:11]([H:12])([H:13])[H:14])[N:21]([H:22])[H:23],41.09550153513526
[Cl:1][C@:5]([C@:4]([H:3])([C:31]#[N:32])[N+:41]([O-:42])[O:43])([N:11]([H:12])[H:13])[C:21]#[N:22].[F-:2]>>[Cl-:1].[F:2][C@@:5]([C@:4]([H:3])([C:31]#[N:32])[N+:41]([O-:42])[O:43])([N:11]([H:12])[H:13])[C:21]#[N:22],23.02364662627745
[F:1][C@:5]([C:4]([H:3])([C:31]([H:32])([H:33])[H:34])[C:41]([H:42])([H:43])[H:44])([C:11]#[N:12])[N:21]([H:22])[H:23].[H-:2]>>[F-:1].[H:2][C@@:5]([C:4]([H:3])([C:31]([H:32])([H:33])[H:34])[C:41]([H:42])([H:43])[H:44])([C:11]#[N:12])[N:21]([H:22])[H:23],23.42687900951421
[Br-:2].[Cl:1][C@:5]([C@:4]([H:3])([N:31]([H:32])[H:33])[N+:41]([O-:42])[O:43])([C:11]([H:12])([H:13])[H:14])[H:21]>>[Br:2][C@@:5]([C@:4]([H:3])([N:31]([H:32])[H:33])[N+:41]([O-:42])[O:43])([C:11]([H:12])([H:13])[H:14])[H:21].[Cl-:1],31.23302881768856
[Br:1][C@:5]([C:4]([H:3])([N:31]([H:32])[H:33])[N:41]([H:42])[H:43])([C:11]#[N:12])[C:21]([H:22])([H:23])[H:24].[Cl-:2]>>[Br-:1].[Cl:2][C@@:5]([C:4]([H:3])([N:31]([H:32])[H:33])[N:41]([H:42])[H:43])([C:11]#[N:12])[C:21]([H:22])([H:23])[H:24],38.8103796287799
[Cl-:2].[Cl:1][C@:5]([C:4]([H:3])([H:31])[C:41]([H:42])([H:43])[H:44])([C:11]([H:12])([H:13])[H:14])[C:21]#[N:22]>>[Cl-:1].[Cl:2][C@@:5]([C:4]([H:3])([H:31])[C:41]([H:42])([H:43])[H:44])([C:11]([H:12])([H:13])[H:14])[C:21]#[N:22],31.018680396186443
[F:1][C@:5]([C@:4]([H:3])([C:31]#[N:32])[C:41]([H:42])([H:43])[H:44])([N:11]([H:12])[H:13])[N+:21]([O-:22])[O:23].[H-:2]>>[F-:1].[H:2][C@@:5]([C@:4]([H:3])([C:31]#[N:32])[C:41]([H:42])([H:43])[H:44])([N:11]([H:12])[H:13])[N+:21]([O-:22])[O:23],17.123964492272002
[Br:1][C@:5]([C:4]([H:3])([N:31]([H:32])[H:33])[N:41]([H:42])[H:43])([C:11]([H:12])([H:13])[H:14])[H:21].[H-:2]>>[Br-:1].[H:2][C:5]([C:4]([H:3])([N:31]([H:32])[H:33])[N:41]([H:42])[H:43])([C:11]([H:12])([H:13])[H:14])[H:21],11.682016099739393
[F-:2].[F:1][C@:5]([C:4]([H:3])([C:31]#[N:32])[C:41]#[N:42])([N+:11]([O-:12])[O:13])[H:21]>>[F-:1].[F:2][C@@:5]([C:4]([H:3])([C:31]#[N:32])[C:41]#[N:42])([N+:11]([O-:12])[O:13])[H:21],21.674454611494603
[Cl-:2].[Cl:1][C:5]([C:4]([H:3])([C:31]([H:32])([H:33])[H:34])[H:41])([C:11]#[N:12])[C:21]#[N:22]>>[Cl-:1].[Cl:2][C:5]([C:4]([H:3])([C:31]([H:32])([H:33])[H:34])[H:41])([C:11]#[N:12])[C:21]#[N:22],16.47835897719618
[F-:2].[F:1][C@:5]([C@:4]([H:3])([N:31]([H:32])[H:33])[N+:41]([O-:42])[O:43])([C:11]([H:12])([H:13])[H:14])[H:21]>>[F-:1].[F:2][C@@:5]([C@:4]([H:3])([N:31]([H:32])[H:33])[N+:41]([O-:42])[O:43])([C:11]([H:12])([H:13])[H:14])[H:21],29.867013786552302
[Br-:2].[Br:1][C@:5]([C@:4]([H:3])([C:31]#[N:32])[N:41]([H:42])[H:43])([H:11])[C:21]([H:22])([H:23])[H:24]>>[Br-:1].[Br:2][C@@:5]([C@:4]([H:3])([C:31]#[N:32])[N:41]([H:42])[H:43])([H:11])[C:21]([H:22])([H:23])[H:24],29.53501190284303
[Cl:1][C@:5]([C:4]([H:3])([N:31]([H:32])[H:33])[H:41])([N:11]([H:12])[H:13])[N+:21]([O-:22])[O:23].[F-:2]>>[Cl-:1].[F:2][C@@:5]([C:4]([H:3])([N:31]([H:32])[H:33])[H:41])([N:11]([H:12])[H:13])[N+:21]([O-:22])[O:23],34.13902522069911
[Cl-:2].[F:1][C:5]([C:4]([H:3])([C:31]([H:32])([H:33])[H:34])[H:41])([H:11])[H:21]>>[Cl:2][C:5]([C:4]([H:3])([C:31]([H:32])([H:33])[H:34])[H:41])([H:11])[H:21].[F-:1],41.78455115188113
[Cl-:2].[Cl:1][C@:5]([C:4]([H:3])([N:31]([H:32])[H:33])[N:41]([H:42])[H:43])([C:11]#[N:12])[H:21]>>[Cl-:1].[Cl:2][C@@:5]([C:4]([H:3])([N:31]([H:32])[H:33])[N:41]([H:42])[H:43])([C:11]#[N:12])[H:21],34.61921605799293
[Cl-:2].[F:1][C@:5]([C@:4]([H:3])([C:31]#[N:32])[C:41]([H:42])([H:43])[H:44])([C:11]#[N:12])[N:21]([H:22])[H:23]>>[Cl:2][C@@:5]([C@:4]([H:3])([C:31]#[N:32])[C:41]([H:42])([H:43])[H:44])([C:11]#[N:12])[N:21]([H:22])[H:23].[F-:1],41.5089942767049
[Cl-:2].[Cl:1][C@:5]([C@:4]([H:3])([N:31]([H:32])[H:33])[C:41]#[N:42])([N+:11]([O-:12])[O:13])[N:21]([H:22])[H:23]>>[Cl-:1].[Cl:2][C@@:5]([C@:4]([H:3])([N:31]([H:32])[H:33])[C:41]#[N:42])([N+:11]([O-:12])[O:13])[N:21]([H:22])[H:23],34.21481953158154
[F:1][C@:5]([C@:4]([H:3])([N+:31]([O-:32])[O:33])[C:41]([H:42])([H:43])[H:44])([C:11]([H:12])([H:13])[H:14])[H:21].[H-:2]>>[F-:1].[H:2][C:5]([C@:4]([H:3])([N+:31]([O-:32])[O:33])[C:41]([H:42])([H:43])[H:44])([C:11]([H:12])([H:13])[H:14])[H:21],19.95216302781469
[F-:2].[F:1][C@:5]([C@:4]([H:3])([C:31]#[N:32])[N:41]([H:42])[H:43])([N+:11]([O-:12])[O:13])[H:21]>>[F-:1].[F:2][C@@:5]([C@:4]([H:3])([C:31]#[N:32])[N:41]([H:42])[H:43])([N+:11]([O-:12])[O:13])[H:21],27.813931188825684
[Br-:2].[Cl:1][C@:5]([C:4]([H:3])([H:31])[C:41]#[N:42])([C:11]([H:12])([H:13])[H:14])[H:21]>>[Br:2][C@@:5]([C:4]([H:3])([H:31])[C:41]#[N:42])([C:11]([H:12])([H:13])[H:14])[H:21].[Cl-:1],31.22460828560245
[F-:2].[F:1][C@:5]([C:4]([H:3])([N+:31]([O-:32])[O:33])[H:41])([C:11]#[N:12])[N:21]([H:22])[H:23]>>[F-:1].[F:2][C@@:5]([C:4]([H:3])([N+:31]([O-:32])[O:33])[H:41])([C:11]#[N:12])[N:21]([H:22])[H:23],31.02557714949712
[Br:1][C@:5]([C@:4]([H:3])([C:31]#[N:32])[N+:41]([O-:42])[O:43])([C:11]([H:12])([H:13])[H:14])[C:21]#[N:22].[F-:2]>>[Br-:1].[F:2][C@@:5]([C@:4]([H:3])([C:31]#[N:32])[N+:41]([O-:42])[O:43])([C:11]([H:12])([H:13])[H:14])[C:21]#[N:22],16.540000425140974
[Cl:1][C@:5]([C:4]([H:3])([C:31]#[N:32])[H:41])([H:11])[N:21]([H:22])[H:23].[F-:2]>>[Cl-:1].[F:2][C@@:5]([C:4]([H:3])([C:31]#[N:32])[H:41])([H:11])[N:21]([H:22])[H:23],14.45416647232848
[Br:1][C:5]([C:4]([H:3])([C:31]([H:32])([H:33])[H:34])[C:41]([H:42])([H:43])[H:44])([C:11]([H:12])([H:13])[H:14])[C:21]([H:22])([H:23])[H:24].[H-:2]>>[Br-:1].[H:2][C:5]([C:4]([H:3])([C:31]([H:32])([H:33])[H:34])[C:41]([H:42])([H:43])[H:44])([C:11]([H:12])([H:13])[H:14])[C:21]([H:22])([H:23])[H:24],21.378613242965084
[F-:2].[F:1][C@:5]([C:4]([H:3])([H:31])[N+:41]([O-:42])[O:43])([N:11]([H:12])[H:13])[C:21]([H:22])([H:23])[H:24]>>[F-:1].[F:2][C@@:5]([C:4]([H:3])([H:31])[N+:41]([O-:42])[O:43])([N:11]([H:12])[H:13])[C:21]([H:22])([H:23])[H:24],40.12209193256899
[Cl:1][C@:5]([C@:4]([H:3])([N+:31]([O-:32])[O:33])[C:41]([H:42])([H:43])[H:44])([C:11]#[N:12])[C:21]([H:22])([H:23])[H:24].[F-:2]>>[Cl-:1].[F:2][C@@:5]([C@:4]([H:3])([N+:31]([O-:32])[O:33])[C:41]([H:42])([H:43])[H:44])([C:11]#[N:12])[C:21]([H:22])([H:23])[H:24],12.838371100738614
[Br:1][C@:5]([C:4]([H:3])([H:31])[N:41]([H:42])[H:43])([N:11]([H:12])[H:13])[C:21]([H:22])([H:23])[H:24].[F-:2]>>[Br-:1].[F:2][C@@:5]([C:4]([H:3])([H:31])[N:41]([H:42])[H:43])([N:11]([H:12])[H:13])[C:21]([H:22])([H:23])[H:24],8.032006590573834
[F:1][C:5]([C:4]([H:3])([C:31]#[N:32])[H:41])([N:11]([H:12])[H:13])[N:21]([H:22])[H:23].[H-:2]>>[F-:1].[H:2][C:5]([C:4]([H:3])([C:31]#[N:32])[H:41])([N:11]([H:12])[H:13])[N:21]([H:22])[H:23],39.86844264152286
[Br:1][C@:5]([C:4]([H:3])([H:31])[C:41]([H:42])([H:43])[H:44])([C:11]#[N:12])[N:21]([H:22])[H:23].[F-:2]>>[Br-:1].[F:2][C@@:5]([C:4]([H:3])([H:31])[C:41]([H:42])([H:43])[H:44])([C:11]#[N:12])[N:21]([H:22])[H:23],14.107194866091737
[Cl:1][C@:5]([C@:4]([H:3])([N+:31]([O-:32])[O:33])[C:41]([H:42])([H:43])[H:44])([N:11]([H:12])[H:13])[C:21]#[N:22].[F-:2]>>[Cl-:1].[F:2][C@@:5]([C@:4]([H:3])([N+:31]([O-:32])[O:33])[C:41]([H:42])([H:43])[H:44])([N:11]([H:12])[H:13])[C:21]#[N:22],24.3691075924539
[Br:1][C@:5]([C@:4]([H:3])([C:31]([H:32])([H:33])[H:34])[N+:41]([O-:42])[O:43])([H:11])[C:21]([H:22])([H:23])[H:24].[H-:2]>>[Br-:1].[H:2][C:5]([C@:4]([H:3])([C:31]([H:32])([H:33])[H:34])[N+:41]([O-:42])[O:43])([H:11])[C:21]([H:22])([H:23])[H:24],10.319421919284652
[Cl:1][C@:5]([C@:4]([H:3])([C:31]#[N:32])[N:41]([H:42])[H:43])([C:11]#[N:12])[C:21]([H:22])([H:23])[H:24].[F-:2]>>[Cl-:1].[F:2][C@@:5]([C@:4]([H:3])([C:31]#[N:32])[N:41]([H:42])[H:43])([C:11]#[N:12])[C:21]([H:22])([H:23])[H:24],16.836277084358365
[Cl:1][C@:5]([C:4]([H:3])([C:31]#[N:32])[C:41]#[N:42])([N:11]([H:12])[H:13])[C:21]([H:22])([H:23])[H:24].[F-:2]>>[Cl-:1].[F:2][C@@:5]([C:4]([H:3])([C:31]#[N:32])[C:41]#[N:42])([N:11]([H:12])[H:13])[C:21]([H:22])([H:23])[H:24],31.719920868517413
[Br:1][C@:5]([C:4]([H:3])([N+:31]([O-:32])[O:33])[H:41])([C:11]#[N:12])[N:21]([H:22])[H:23].[F-:2]>>[Br-:1].[F:2][C@@:5]([C:4]([H:3])([N+:31]([O-:32])[O:33])[H:41])([C:11]#[N:12])[N:21]([H:22])[H:23],16.397385807349732
[Cl-:2].[Cl:1][C@:5]([C@:4]([H:3])([N+:31]([O-:32])[O:33])[N:41]([H:42])[H:43])([C:11]([H:12])([H:13])[H:14])[H:21]>>[Cl-:1].[Cl:2][C@@:5]([C@:4]([H:3])([N+:31]([O-:32])[O:33])[N:41]([H:42])[H:43])([C:11]([H:12])([H:13])[H:14])[H:21],33.42378019602273
[Br:1][C@:5]([C@:4]([H:3])([N:31]([H:32])[H:33])[C:41]([H:42])([H:43])[H:44])([N:11]([H:12])[H:13])[C:21]#[N:22].[F-:2]>>[Br-:1].[F:2][C@@:5]([C@:4]([H:3])([N:31]([H:32])[H:33])[C:41]([H:42])([H:43])[H:44])([N:11]([H:12])[H:13])[C:21]#[N:22],28.20235660687459
[Cl-:2].[F:1][C@:5]([C:4]([H:3])([H:31])[N+:41]([O-:42])[O:43])([C:11]([H:12])([H:13])[H:14])[N:21]([H:22])[H:23]>>[Cl:2][C@@:5]([C:4]([H:3])([H:31])[N+:41]([O-:42])[O:43])([C:11]([H:12])([H:13])[H:14])[N:21]([H:22])[H:23].[F-:1],55.96145124720447
[Br-:2].[Cl:1][C@:5]([C:4]([H:3])([N+:31]([O-:32])[O:33])[H:41])([N+:11]([O-:12])[O:13])[H:21]>>[Br:2][C@@:5]([C:4]([H:3])([N+:31]([O-:32])[O:33])[H:41])([N+:11]([O-:12])[O:13])[H:21].[Cl-:1],27.03107649093053
[F-:2].[F:1][C@:5]([C:4]([H:3])([N+:31]([O-:32])[O:33])[H:41])([H:11])[N:21]([H:22])[H:23]>>[F-:1].[F:2][C@@:5]([C:4]([H:3])([N+:31]([O-:32])[O:33])[H:41])([H:11])[N:21]([H:22])[H:23],34.72474566282938
[Cl-:2].[F:1][C@:5]([C@:4]([H:3])([C:31]([H:32])([H:33])[H:34])[N:41]([H:42])[H:43])([C:11]#[N:12])[N:21]([H:22])[H:23]>>[Cl:2][C@@:5]([C@:4]([H:3])([C:31]([H:32])([H:33])[H:34])[N:41]([H:42])[H:43])([C:11]#[N:12])[N:21]([H:22])[H:23].[F-:1],53.02607172033691
[Cl:1][C@:5]([C:4]([H:3])([H:31])[N:41]([H:42])[H:43])([C:11]#[N:12])[N:21]([H:22])[H:23].[F-:2]>>[Cl-:1].[F:2][C@@:5]([C:4]([H:3])([H:31])[N:41]([H:42])[H:43])([C:11]#[N:12])[N:21]([H:22])[H:23],23.79956887285637
[F-:2].[F:1][C:5]([C:4]([H:3])([H:31])[N:41]([H:42])[H:43])([C:11]([H:12])([H:13])[H:14])[C:21]([H:22])([H:23])[H:24]>>[F-:1].[F:2][C:5]([C:4]([H:3])([H:31])[N:41]([H:42])[H:43])([C:11]([H:12])([H:13])[H:14])[C:21]([H:22])([H:23])[H:24],40.517090866635385
[F:1][C@:5]([C:4]([H:3])([N:31]([H:32])[H:33])[H:41])([N:11]([H:12])[H:13])[H:21].[H-:2]>>[F-:1].[H:2][C:5]([C:4]([H:3])([N:31]([H:32])[H:33])[H:41])([N:11]([H:12])[H:13])[H:21],31.549067670406927
[Br:1][C@:5]([C@:4]([H:3])([C:31]([H:32])([H:33])[H:34])[C:41]#[N:42])([H:11])[N:21]([H:22])[H:23].[H-:2]>>[Br-:1].[H:2][C:5]([C@:4]([H:3])([C:31]([H:32])([H:33])[H:34])[C:41]#[N:42])([H:11])[N:21]([H:22])[H:23],14.62822667432762
[F:1][C:5]([C@:4]([H:3])([N:31]([H:32])[H:33])[N+:41]([O-:42])[O:43])([N:11]([H:12])[H:13])[N:21]([H:22])[H:23].[H-:2]>>[F-:1].[H:2][C:5]([C@:4]([H:3])([N:31]([H:32])[H:33])[N+:41]([O-:42])[O:43])([N:11]([H:12])[H:13])[N:21]([H:22])[H:23],34.41428072871649
[Cl-:2].[F:1][C@:5]([C:4]([H:3])([H:31])[N+:41]([O-:42])[O:43])([C:11]([H:12])([H:13])[H:14])[C:21]#[N:22]>>[Cl:2][C@@:5]([C:4]([H:3])([H:31])[N+:41]([O-:42])[O:43])([C:11]([H:12])([H:13])[H:14])[C:21]#[N:22].[F-:1],40.06578746596899
[Br:1][C@:5]([C:4]([H:3])([H:31])[C:41]#[N:42])([C:11]#[N:12])[H:21].[F-:2]>>[Br-:1].[F:2][C@@:5]([C:4]([H:3])([H:31])[C:41]#[N:42])([C:11]#[N:12])[H:21],10.171820310714512
[Cl:1][C@:5]([C@:4]([H:3])([C:31]([H:32])([H:33])[H:34])[N+:41]([O-:42])[O:43])([C:11]#[N:12])[N:21]([H:22])[H:23].[H-:2]>>[Cl-:1].[H:2][C@@:5]([C@:4]([H:3])([C:31]([H:32])([H:33])[H:34])[N+:41]([O-:42])[O:43])([C:11]#[N:12])[N:21]([H:22])[H:23],12.403219287631645
[Cl:1][C@:5]([C@:4]([H:3])([C:31]([H:32])([H:33])[H:34])[C:41]#[N:42])([C:11]#[N:12])[H:21].[F-:2]>>[Cl-:1].[F:2][C@@:5]([C@:4]([H:3])([C:31]([H:32])([H:33])[H:34])[C:41]#[N:42])([C:11]#[N:12])[H:21],14.947371465772289
[F:1][C@:5]([C@:4]([H:3])([C:31]([H:32])([H:33])[H:34])[N:41]([H:42])[H:43])([H:11])[N+:21]([O-:22])[O:23].[H-:2]>>[F-:1].[H:2][C:5]([C@:4]([H:3])([C:31]([H:32])([H:33])[H:34])[N:41]([H:42])[H:43])([H:11])[N+:21]([O-:22])[O:23],15.175381774399144
[Cl-:2].[Cl:1][C@:5]([C:4]([H:3])([H:31])[N+:41]([O-:42])[O:43])([C:11]#[N:12])[H:21]>>[Cl-:1].[Cl:2][C@@:5]([C:4]([H:3])([H:31])[N+:41]([O-:42])[O:43])([C:11]#[N:12])[H:21],25.476694872567705
[Cl-:2].[Cl:1][C:5]([C:4]([H:3])([C:31]#[N:32])[H:41])([C:11]#[N:12])[C:21]#[N:22]>>[Cl-:1].[Cl:2][C:5]([C:4]([H:3])([C:31]#[N:32])[H:41])([C:11]#[N:12])[C:21]#[N:22],12.352303092474251
[F-:2].[F:1][C@:5]([C:4]([H:3])([N:31]([H:32])[H:33])[N:41]([H:42])[H:43])([H:11])[C:21]([H:22])([H:23])[H:24]>>[F-:1].[F:2][C@@:5]([C:4]([H:3])([N:31]([H:32])[H:33])[N:41]([H:42])[H:43])([H:11])[C:21]([H:22])([H:23])[H:24],36.341680346647145
[Br-:2].[Br:1][C@:5]([C:4]([H:3])([H:31])[N:41]([H:42])[H:43])([H:11])[C:21]([H:22])([H:23])[H:24]>>[Br-:1].[Br:2][C@@:5]([C:4]([H:3])([H:31])[N:41]([H:42])[H:43])([H:11])[C:21]([H:22])([H:23])[H:24],29.635597602315976
[Cl:1][C@:5]([C@:4]([H:3])([N+:31]([O-:32])[O:33])[C:41]([H:42])([H:43])[H:44])([N:11]([H:12])[H:13])[H:21].[H-:2]>>[Cl-:1].[H:2][C:5]([C@:4]([H:3])([N+:31]([O-:32])[O:33])[C:41]([H:42])([H:43])[H:44])([N:11]([H:12])[H:13])[H:21],17.541782542794827
[Cl-:2].[Cl:1][C:5]([C@:4]([H:3])([N:31]([H:32])[H:33])[N+:41]([O-:42])[O:43])([H:11])[H:21]>>[Cl-:1].[Cl:2][C:5]([C@:4]([H:3])([N:31]([H:32])[H:33])[N+:41]([O-:42])[O:43])([H:11])[H:21],30.647892313831782
[Br:1][C@:5]([C@:4]([H:3])([C:31]#[N:32])[N+:41]([O-:42])[O:43])([H:11])[C:21]#[N:22].[F-:2]>>[Br-:1].[F:2][C@@:5]([C@:4]([H:3])([C:31]#[N:32])[N+:41]([O-:42])[O:43])([H:11])[C:21]#[N:22],2.5973059450163567
[Br:1][C:5]([C:4]([H:3])([N+:31]([O-:32])[O:33])[N+:41]([O-:42])[O:43])([H:11])[H:21].[Cl-:2]>>[Br-:1].[Cl:2][C:5]([C:4]([H:3])([N+:31]([O-:32])[O:33])[N+:41]([O-:42])[O:43])([H:11])[H:21],23.829254005219035
[Br:1][C@:5]([C@:4]([H:3])([C:31]#[N:32])[N:41]([H:42])[H:43])([C:11]([H:12])([H:13])[H:14])[H:21].[Cl-:2]>>[Br-:1].[Cl:2][C@@:5]([C@:4]([H:3])([C:31]#[N:32])[N:41]([H:42])[H:43])([C:11]([H:12])([H:13])[H:14])[H:21],21.771186962560243
[F-:2].[F:1][C@:5]([C:4]([H:3])([H:31])[C:41]#[N:42])([N:11]([H:12])[H:13])[N+:21]([O-:22])[O:23]>>[F-:1].[F:2][C@@:5]([C:4]([H:3])([H:31])[C:41]#[N:42])([N:11]([H:12])[H:13])[N+:21]([O-:22])[O:23],30.236250845902934
[Cl-:2].[F:1][C@:5]([C@:4]([H:3])([N:31]([H:32])[H:33])[N+:41]([O-:42])[O:43])([H:11])[N:21]([H:22])[H:23]>>[Cl:2][C@@:5]([C@:4]([H:3])([N:31]([H:32])[H:33])[N+:41]([O-:42])[O:43])([H:11])[N:21]([H:22])[H:23].[F-:1],49.98196164358981
[F:1][C@:5]([C:4]([H:3])([H:31])[N+:41]([O-:42])[O:43])([C:11]([H:12])([H:13])[H:14])[H:21].[H-:2]>>[F-:1].[H:2][C:5]([C:4]([H:3])([H:31])[N+:41]([O-:42])[O:43])([C:11]([H:12])([H:13])[H:14])[H:21],17.522938061979392
[Br:1][C@:5]([C@:4]([H:3])([C:31]([H:32])([H:33])[H:34])[C:41]#[N:42])([H:11])[C:21]([H:22])([H:23])[H:24].[F-:2]>>[Br-:1].[F:2][C@@:5]([C@:4]([H:3])([C:31]([H:32])([H:33])[H:34])[C:41]#[N:42])([H:11])[C:21]([H:22])([H:23])[H:24],17.148972233465145
[Br-:2].[Br:1][C:5]([C@:4]([H:3])([C:31]([H:32])([H:33])[H:34])[C:41]#[N:42])([H:11])[H:21]>>[Br-:1].[Br:2][C:5]([C@:4]([H:3])([C:31]([H:32])([H:33])[H:34])[C:41]#[N:42])([H:11])[H:21],27.46622864614513
[F:1][C@:5]([C@:4]([H:3])([C:31]([H:32])([H:33])[H:34])[N:41]([H:42])[H:43])([N+:11]([O-:12])[O:13])[C:21]#[N:22].[H-:2]>>[F-:1].[H:2][C@@:5]([C@:4]([H:3])([C:31]([H:32])([H:33])[H:34])[N:41]([H:42])[H:43])([N+:11]([O-:12])[O:13])[C:21]#[N:22],10.984464691276193
[Cl:1][C@:5]([C@:4]([H:3])([N:31]([H:32])[H:33])[C:41]#[N:42])([C:11]#[N:12])[C:21]([H:22])([H:23])[H:24].[H-:2]>>[Cl-:1].[H:2][C@@:5]([C@:4]([H:3])([N:31]([H:32])[H:33])[C:41]#[N:42])([C:11]#[N:12])[C:21]([H:22])([H:23])[H:24],9.48230472105418
[F-:2].[F:1][C:5]([C:4]([H:3])([N:31]([H:32])[H:33])[N:41]([H:42])[H:43])([N:11]([H:12])[H:13])[N:21]([H:22])[H:23]>>[F-:1].[F:2][C:5]([C:4]([H:3])([N:31]([H:32])[H:33])[N:41]([H:42])[H:43])([N:11]([H:12])[H:13])[N:21]([H:22])[H:23],49.70460546903153
[F:1][C@:5]([C@:4]([H:3])([N:31]([H:32])[H:33])[N+:41]([O-:42])[O:43])([C:11]#[N:12])[H:21].[H-:2]>>[F-:1].[H:2][C:5]([C@:4]([H:3])([N:31]([H:32])[H:33])[N+:41]([O-:42])[O:43])([C:11]#[N:12])[H:21],13.578191500724866
[Br:1][C@:5]([C@:4]([H:3])([C:31]([H:32])([H:33])[H:34])[N+:41]([O-:42])[O:43])([H:11])[C:21]#[N:22].[Cl-:2]>>[Br-:1].[Cl:2][C@@:5]([C@:4]([H:3])([C:31]([H:32])([H:33])[H:34])[N+:41]([O-:42])[O:43])([H:11])[C:21]#[N:22],18.16189293619574
[Cl-:2].[Cl:1][C@:5]([C:4]([H:3])([H:31])[N:41]([H:42])[H:43])([C:11]#[N:12])[C:21]([H:22])([H:23])[H:24]>>[Cl-:1].[Cl:2][C@@:5]([C:4]([H:3])([H:31])[N:41]([H:42])[H:43])([C:11]#[N:12])[C:21]([H:22])([H:23])[H:24],32.31646464007811
[Cl-:2].[F:1][C@:5]([C@:4]([H:3])([N+:31]([O-:32])[O:33])[C:41]#[N:42])([N:11]([H:12])[H:13])[N+:21]([O-:22])[O:23]>>[Cl:2][C@@:5]([C@:4]([H:3])([N+:31]([O-:32])[O:33])[C:41]#[N:42])([N:11]([H:12])[H:13])[N+:21]([O-:22])[O:23].[F-:1],44.67304309817477
[Cl-:2].[F:1][C@:5]([C@:4]([H:3])([N+:31]([O-:32])[O:33])[N:41]([H:42])[H:43])([C:11]#[N:12])[H:21]>>[Cl:2][C@@:5]([C@:4]([H:3])([N+:31]([O-:32])[O:33])[N:41]([H:42])[H:43])([C:11]#[N:12])[H:21].[F-:1],30.77026835238868
[Br-:2].[Cl:1][C@:5]([C@:4]([H:3])([C:31]([H:32])([H:33])[H:34])[N+:41]([O-:42])[O:43])([C:11]([H:12])([H:13])[H:14])[H:21]>>[Br:2][C@@:5]([C@:4]([H:3])([C:31]([H:32])([H:33])[H:34])[N+:41]([O-:42])[O:43])([C:11]([H:12])([H:13])[H:14])[H:21].[Cl-:1],33.172423308061106
[Cl-:2].[F:1][C@:5]([C:4]([H:3])([N:31]([H:32])[H:33])[N:41]([H:42])[H:43])([C:11]#[N:12])[N:21]([H:22])[H:23]>>[Cl:2][C@@:5]([C:4]([H:3])([N:31]([H:32])[H:33])[N:41]([H:42])[H:43])([C:11]#[N:12])[N:21]([H:22])[H:23].[F-:1],45.80844356668891
[F-:2].[F:1][C:5]([C:4]([H:3])([H:31])[C:41]#[N:42])([C:11]([H:12])([H:13])[H:14])[C:21]([H:22])([H:23])[H:24]>>[F-:1].[F:2][C:5]([C:4]([H:3])([H:31])[C:41]#[N:42])([C:11]([H:12])([H:13])[H:14])[C:21]([H:22])([H:23])[H:24],34.08903992129725
[Br:1][C:5]([C:4]([H:3])([C:31]#[N:32])[C:41]#[N:42])([H:11])[H:21].[Cl-:2]>>[Br-:1].[Cl:2][C:5]([C:4]([H:3])([C:31]#[N:32])[C:41]#[N:42])([H:11])[H:21],21.09287946030048
[Br:1][C@:5]([C:4]([H:3])([N:31]([H:32])[H:33])[N:41]([H:42])[H:43])([C:11]#[N:12])[C:21]([H:22])([H:23])[H:24].[F-:2]>>[Br-:1].[F:2][C@@:5]([C:4]([H:3])([N:31]([H:32])[H:33])[N:41]([H:42])[H:43])([C:11]#[N:12])[C:21]([H:22])([H:23])[H:24],29.100506844152275
[Cl:1][C@:5]([C@:4]([H:3])([C:31]([H:32])([H:33])[H:34])[C:41]#[N:42])([C:11]([H:12])([H:13])[H:14])[H:21].[F-:2]>>[Cl-:1].[F:2][C@@:5]([C@:4]([H:3])([C:31]([H:32])([H:33])[H:34])[C:41]#[N:42])([C:11]([H:12])([H:13])[H:14])[H:21],20.2001441267344
[F:1][C@:5]([C@:4]([H:3])([N+:31]([O-:32])[O:33])[C:41]([H:42])([H:43])[H:44])([H:11])[N:21]([H:22])[H:23].[H-:2]>>[F-:1].[H:2][C:5]([C@:4]([H:3])([N+:31]([O-:32])[O:33])[C:41]([H:42])([H:43])[H:44])([H:11])[N:21]([H:22])[H:23],26.778340084313708
[F-:2].[F:1][C:5]([C@:4]([H:3])([C:31]#[N:32])[C:41]([H:42])([H:43])[H:44])([N:11]([H:12])[H:13])[N:21]([H:22])[H:23]>>[F-:1].[F:2][C:5]([C@:4]([H:3])([C:31]#[N:32])[C:41]([H:42])([H:43])[H:44])([N:11]([H:12])[H:13])[N:21]([H:22])[H:23],41.70591339505003
[Br:1][C@:5]([C:4]([H:3])([C:31]#[N:32])[C:41]#[N:42])([C:11]([H:12])([H:13])[H:14])[C:21]#[N:22].[F-:2]>>[Br-:1].[F:2][C@@:5]([C:4]([H:3])([C:31]#[N:32])[C:41]#[N:42])([C:11]([H:12])([H:13])[H:14])[C:21]#[N:22],3.289200047920129
[Br-:2].[Cl:1][C@:5]([C:4]([H:3])([N:31]([H:32])[H:33])[N:41]([H:42])[H:43])([C:11]#[N:12])[H:21]>>[Br:2][C@@:5]([C:4]([H:3])([N:31]([H:32])[H:33])[N:41]([H:42])[H:43])([C:11]#[N:12])[H:21].[Cl-:1],37.83461926751611
[Br:1][C@:5]([C:4]([H:3])([C:31]#[N:32])[H:41])([C:11]#[N:12])[N:21]([H:22])[H:23].[F-:2]>>[Br-:1].[F:2][C@@:5]([C:4]([H:3])([C:31]#[N:32])[H:41])([C:11]#[N:12])[N:21]([H:22])[H:23],10.107916830908469
[Cl-:2].[Cl:1][C@:5]([C:4]([H:3])([H:31])[C:41]#[N:42])([C:11]([H:12])([H:13])[H:14])[H:21]>>[Cl-:1].[Cl:2][C@@:5]([C:4]([H:3])([H:31])[C:41]#[N:42])([C:11]([H:12])([H:13])[H:14])[H:21],29.779126037527803
[F-:2].[F:1][C@:5]([C@:4]([H:3])([C:31]([H:32])([H:33])[H:34])[N:41]([H:42])[H:43])([H:11])[N+:21]([O-:22])[O:23]>>[F-:1].[F:2][C@@:5]([C@:4]([H:3])([C:31]([H:32])([H:33])[H:34])[N:41]([H:42])[H:43])([H:11])[N+:21]([O-:22])[O:23],28.57303945009432
[F-:2].[F:1][C@:5]([C@:4]([H:3])([N+:31]([O-:32])[O:33])[N:41]([H:42])[H:43])([C:11]([H:12])([H:13])[H:14])[N:21]([H:22])[H:23]>>[F-:1].[F:2][C@@:5]([C@:4]([H:3])([N+:31]([O-:32])[O:33])[N:41]([H:42])[H:43])([C:11]([H:12])([H:13])[H:14])[N:21]([H:22])[H:23],43.90965695570319
[Br:1][C@:5]([C:4]([H:3])([C:31]#[N:32])[C:41]#[N:42])([C:11]([H:12])([H:13])[H:14])[H:21].[Cl-:2]>>[Br-:1].[Cl:2][C@@:5]([C:4]([H:3])([C:31]#[N:32])[C:41]#[N:42])([C:11]([H:12])([H:13])[H:14])[H:21],25.77492191150496
[Cl:1][C@:5]([C:4]([H:3])([H:31])[C:41]#[N:42])([H:11])[C:21]([H:22])([H:23])[H:24].[F-:2]>>[Cl-:1].[F:2][C@@:5]([C:4]([H:3])([H:31])[C:41]#[N:42])([H:11])[C:21]([H:22])([H:23])[H:24],15.36033744573374
[Br-:2].[Cl:1][C@:5]([C@:4]([H:3])([C:31]([H:32])([H:33])[H:34])[N+:41]([O-:42])[O:43])([H:11])[C:21]([H:22])([H:23])[H:24]>>[Br:2][C@@:5]([C@:4]([H:3])([C:31]([H:32])([H:33])[H:34])[N+:41]([O-:42])[O:43])([H:11])[C:21]([H:22])([H:23])[H:24].[Cl-:1],34.541797221868435
[Cl:1][C@:5]([C:4]([H:3])([C:31]([H:32])([H:33])[H:34])[C:41]([H:42])([H:43])[H:44])([N+:11]([O-:12])[O:13])[C:21]#[N:22].[F-:2]>>[Cl-:1].[F:2][C@@:5]([C:4]([H:3])([C:31]([H:32])([H:33])[H:34])[C:41]([H:42])([H:43])[H:44])([N+:11]([O-:12])[O:13])[C:21]#[N:22],7.800841973914466
[Cl:1][C@:5]([C:4]([H:3])([H:31])[H:41])([C:11]#[N:12])[N:21]([H:22])[H:23].[F-:2]>>[Cl-:1].[F:2][C@@:5]([C:4]([H:3])([H:31])[H:41])([C:11]#[N:12])[N:21]([H:22])[H:23],14.4175491146218
[Cl-:2].[F:1][C@:5]([C:4]([H:3])([C:31]([H:32])([H:33])[H:34])[C:41]([H:42])([H:43])[H:44])([H:11])[N:21]([H:22])[H:23]>>[Cl:2][C@@:5]([C:4]([H:3])([C:31]([H:32])([H:33])[H:34])[C:41]([H:42])([H:43])[H:44])([H:11])[N:21]([H:22])[H:23].[F-:1],49.99176494127054
[Cl-:2].[F:1][C@:5]([C:4]([H:3])([C:31]#[N:32])[H:41])([H:11])[C:21]([H:22])([H:23])[H:24]>>[Cl:2][C@@:5]([C:4]([H:3])([C:31]#[N:32])[H:41])([H:11])[C:21]([H:22])([H:23])[H:24].[F-:1],37.009796073090655
[Cl-:2].[F:1][C@:5]([C:4]([H:3])([C:31]([H:32])([H:33])[H:34])[C:41]([H:42])([H:43])[H:44])([H:11])[C:21]#[N:22]>>[Cl:2][C@@:5]([C:4]([H:3])([C:31]([H:32])([H:33])[H:34])[C:41]([H:42])([H:43])[H:44])([H:11])[C:21]#[N:22].[F-:1],36.48838527918938
[F-:2].[F:1][C@:5]([C:4]([H:3])([N:31]([H:32])[H:33])[N:41]([H:42])[H:43])([C:11]#[N:12])[C:21]([H:22])([H:23])[H:24]>>[F-:1].[F:2][C@@:5]([C:4]([H:3])([N:31]([H:32])[H:33])[N:41]([H:42])[H:43])([C:11]#[N:12])[C:21]([H:22])([H:23])[H:24],34.33604969822583
[Br-:2].[F:1][C@:5]([C:4]([H:3])([C:31]([H:32])([H:33])[H:34])[H:41])([C:11]([H:12])([H:13])[H:14])[H:21]>>[Br:2][C@@:5]([C:4]([H:3])([C:31]([H:32])([H:33])[H:34])[H:41])([C:11]([H:12])([H:13])[H:14])[H:21].[F-:1],48.34056188203167
[Br-:2].[Cl:1][C@:5]([C@:4]([H:3])([C:31]([H:32])([H:33])[H:34])[C:41]#[N:42])([C:11]#[N:12])[H:21]>>[Br:2][C@@:5]([C@:4]([H:3])([C:31]([H:32])([H:33])[H:34])[C:41]#[N:42])([C:11]#[N:12])[H:21].[Cl-:1],29.613223649418963
[F:1][C@:5]([C:4]([H:3])([H:31])[N+:41]([O-:42])[O:43])([C:11]#[N:12])[C:21]([H:22])([H:23])[H:24].[H-:2]>>[F-:1].[H:2][C@@:5]([C:4]([H:3])([H:31])[N+:41]([O-:42])[O:43])([C:11]#[N:12])[C:21]([H:22])([H:23])[H:24],12.639085360219008
[Br:1][C@:5]([C@:4]([H:3])([C:31]([H:32])([H:33])[H:34])[N+:41]([O-:42])[O:43])([C:11]#[N:12])[H:21].[Cl-:2]>>[Br-:1].[Cl:2][C@@:5]([C@:4]([H:3])([C:31]([H:32])([H:33])[H:34])[N+:41]([O-:42])[O:43])([C:11]#[N:12])[H:21],21.593295288294573
[F-:2].[F:1][C@:5]([C:4]([H:3])([H:31])[H:41])([C:11]#[N:12])[N+:21]([O-:22])[O:23]>>[F-:1].[F:2][C@@:5]([C:4]([H:3])([H:31])[H:41])([C:11]#[N:12])[N+:21]([O-:22])[O:23],7.035596568354943
[Cl-:2].[Cl:1][C@:5]([C@:4]([H:3])([C:31]([H:32])([H:33])[H:34])[N+:41]([O-:42])[O:43])([H:11])[C:21]([H:22])([H:23])[H:24]>>[Cl-:1].[Cl:2][C@@:5]([C@:4]([H:3])([C:31]([H:32])([H:33])[H:34])[N+:41]([O-:42])[O:43])([H:11])[C:21]([H:22])([H:23])[H:24],29.00239676350086
[Br:1][C@:5]([C@:4]([H:3])([C:31]#[N:32])[C:41]([H:42])([H:43])[H:44])([N:11]([H:12])[H:13])[C:21]#[N:22].[H-:2]>>[Br-:1].[H:2][C@@:5]([C@:4]([H:3])([C:31]#[N:32])[C:41]([H:42])([H:43])[H:44])([N:11]([H:12])[H:13])[C:21]#[N:22],11.2729778909548
[Cl-:2].[Cl:1][C@:5]([C@:4]([H:3])([N+:31]([O-:32])[O:33])[C:41]([H:42])([H:43])[H:44])([N+:11]([O-:12])[O:13])[H:21]>>[Cl-:1].[Cl:2][C@@:5]([C@:4]([H:3])([N+:31]([O-:32])[O:33])[C:41]([H:42])([H:43])[H:44])([N+:11]([O-:12])[O:13])[H:21],25.54188526164866
[F-:2].[F:1][C@:5]([C@:4]([H:3])([N+:31]([O-:32])[O:33])[N:41]([H:42])[H:43])([C:11]([H:12])([H:13])[H:14])[H:21]>>[F-:1].[F:2][C@@:5]([C@:4]([H:3])([N+:31]([O-:32])[O:33])[N:41]([H:42])[H:43])([C:11]([H:12])([H:13])[H:14])[H:21],27.62211990052354
[Cl:1][C@:5]([C@:4]([H:3])([C:31]([H:32])([H:33])[H:34])[N:41]([H:42])[H:43])([H:11])[N+:21]([O-:22])[O:23].[F-:2]>>[Cl-:1].[F:2][C@@:5]([C@:4]([H:3])([C:31]([H:32])([H:33])[H:34])[N:41]([H:42])[H:43])([H:11])[N+:21]([O-:22])[O:23],23.06452040882544
[Cl:1][C@:5]([C:4]([H:3])([C:31]([H:32])([H:33])[H:34])[H:41])([N+:11]([O-:12])[O:13])[C:21]#[N:22].[F-:2]>>[Cl-:1].[F:2][C@@:5]([C:4]([H:3])([C:31]([H:32])([H:33])[H:34])[H:41])([N+:11]([O-:12])[O:13])[C:21]#[N:22],4.942761570654435
[Cl-:2].[Cl:1][C@:5]([C@:4]([H:3])([N+:31]([O-:32])[O:33])[C:41]([H:42])([H:43])[H:44])([C:11]([H:12])([H:13])[H:14])[H:21]>>[Cl-:1].[Cl:2][C@@:5]([C@:4]([H:3])([N+:31]([O-:32])[O:33])[C:41]([H:42])([H:43])[H:44])([C:11]([H:12])([H:13])[H:14])[H:21],33.16286479774413
[Cl:1][C@:5]([C@:4]([H:3])([N:31]([H:32])[H:33])[C:41]([H:42])([H:43])[H:44])([C:11]#[N:12])[N:21]([H:22])[H:23].[F-:2]>>[Cl-:1].[F:2][C@@:5]([C@:4]([H:3])([N:31]([H:32])[H:33])[C:41]([H:42])([H:43])[H:44])([C:11]#[N:12])[N:21]([H:22])[H:23],23.680512305087056
[Cl:1][C@:5]([C:4]([H:3])([H:31])[N+:41]([O-:42])[O:43])([N+:11]([O-:12])[O:13])[N:21]([H:22])[H:23].[H-:2]>>[Cl-:1].[H:2][C@@:5]([C:4]([H:3])([H:31])[N+:41]([O-:42])[O:43])([N+:11]([O-:12])[O:13])[N:21]([H:22])[H:23],12.615322410402094
[Cl:1][C@:5]([C:4]([H:3])([H:31])[C:41]#[N:42])([H:11])[N+:21]([O-:22])[O:23].[F-:2]>>[Cl-:1].[F:2][C@@:5]([C:4]([H:3])([H:31])[C:41]#[N:42])([H:11])[N+:21]([O-:22])[O:23],7.953866434627282
[Cl-:2].[Cl:1][C@:5]([C@:4]([H:3])([N:31]([H:32])[H:33])[C:41]#[N:42])([C:11]([H:12])([H:13])[H:14])[C:21]#[N:22]>>[Cl-:1].[Cl:2][C@@:5]([C@:4]([H:3])([N:31]([H:32])[H:33])[C:41]#[N:42])([C:11]([H:12])([H:13])[H:14])[C:21]#[N:22],33.024897781162025
[Cl:1][C@:5]([C@:4]([H:3])([N:31]([H:32])[H:33])[N+:41]([O-:42])[O:43])([H:11])[N+:21]([O-:22])[O:23].[F-:2]>>[Cl-:1].[F:2][C@@:5]([C@:4]([H:3])([N:31]([H:32])[H:33])[N+:41]([O-:42])[O:43])([H:11])[N+:21]([O-:22])[O:23],9.7191243811575
[Cl:1][C:5]([C:4]([H:3])([C:31]([H:32])([H:33])[H:34])[C:41]([H:42])([H:43])[H:44])([C:11]#[N:12])[C:21]#[N:22].[F-:2]>>[Cl-:1].[F:2][C:5]([C:4]([H:3])([C:31]([H:32])([H:33])[H:34])[C:41]([H:42])([H:43])[H:44])([C:11]#[N:12])[C:21]#[N:22],7.020902718684184
[Br:1][C@:5]([C:4]([H:3])([H:31])[C:41]#[N:42])([H:11])[N:21]([H:22])[H:23].[F-:2]>>[Br-:1].[F:2][C@@:5]([C:4]([H:3])([H:31])[C:41]#[N:42])([H:11])[N:21]([H:22])[H:23],16.058809030377116
[F-:2].[F:1][C:5]([C:4]([H:3])([C:31]([H:32])([H:33])[H:34])[C:41]([H:42])([H:43])[H:44])([C:11]#[N:12])[C:21]#[N:22]>>[F-:1].[F:2][C:5]([C:4]([H:3])([C:31]([H:32])([H:33])[H:34])[C:41]([H:42])([H:43])[H:44])([C:11]#[N:12])[C:21]#[N:22],13.467773219995156
[Cl:1][C@:5]([C:4]([H:3])([C:31]([H:32])([H:33])[H:34])[C:41]([H:42])([H:43])[H:44])([C:11]#[N:12])[N:21]([H:22])[H:23].[H-:2]>>[Cl-:1].[H:2][C@@:5]([C:4]([H:3])([C:31]([H:32])([H:33])[H:34])[C:41]([H:42])([H:43])[H:44])([C:11]#[N:12])[N:21]([H:22])[H:23],11.067555090945554
[Br-:2].[Cl:1][C@:5]([C:4]([H:3])([N:31]([H:32])[H:33])[H:41])([H:11])[C:21]([H:22])([H:23])[H:24]>>[Br:2][C@@:5]([C:4]([H:3])([N:31]([H:32])[H:33])[H:41])([H:11])[C:21]([H:22])([H:23])[H:24].[Cl-:1],27.132017705753388
[F:1][C@:5]([C@:4]([H:3])([C:31]#[N:32])[N:41]([H:42])[H:43])([C:11]#[N:12])[H:21].[H-:2]>>[F-:1].[H:2][C:5]([C@:4]([H:3])([C:31]#[N:32])[N:41]([H:42])[H:43])([C:11]#[N:12])[H:21],14.575744814767212
[Br-:2].[F:1][C@:5]([C:4]([H:3])([N:31]([H:32])[H:33])[H:41])([N:11]([H:12])[H:13])[C:21]#[N:22]>>[Br:2][C@@:5]([C:4]([H:3])([N:31]([H:32])[H:33])[H:41])([N:11]([H:12])[H:13])[C:21]#[N:22].[F-:1],53.59889735564762
[F:1][C@:5]([C@:4]([H:3])([N:31]([H:32])[H:33])[C:41]([H:42])([H:43])[H:44])([H:11])[N:21]([H:22])[H:23].[H-:2]>>[F-:1].[H:2][C:5]([C@:4]([H:3])([N:31]([H:32])[H:33])[C:41]([H:42])([H:43])[H:44])([H:11])[N:21]([H:22])[H:23],27.395283112802897
[F-:2].[F:1][C@:5]([C:4]([H:3])([C:31]#[N:32])[H:41])([N:11]([H:12])[H:13])[C:21]([H:22])([H:23])[H:24]>>[F-:1].[F:2][C@@:5]([C:4]([H:3])([C:31]#[N:32])[H:41])([N:11]([H:12])[H:13])[C:21]([H:22])([H:23])[H:24],35.5135331923155
[Cl-:2].[F:1][C@:5]([C:4]([H:3])([H:31])[C:41]#[N:42])([H:11])[N:21]([H:22])[H:23]>>[Cl:2][C@@:5]([C:4]([H:3])([H:31])[C:41]#[N:42])([H:11])[N:21]([H:22])[H:23].[F-:1],49.89357488798956
[Cl-:2].[F:1][C@:5]([C@:4]([H:3])([N:31]([H:32])[H:33])[N+:41]([O-:42])[O:43])([C:11]#[N:12])[N+:21]([O-:22])[O:23]>>[Cl:2][C@@:5]([C@:4]([H:3])([N:31]([H:32])[H:33])[N+:41]([O-:42])[O:43])([C:11]#[N:12])[N+:21]([O-:22])[O:23].[F-:1],29.15988526647584
[F:1][C@:5]([C@:4]([H:3])([C:31]#[N:32])[C:41]([H:42])([H:43])[H:44])([C:11]#[N:12])[H:21].[H-:2]>>[F-:1].[H:2][C:5]([C@:4]([H:3])([C:31]#[N:32])[C:41]([H:42])([H:43])[H:44])([C:11]#[N:12])[H:21],7.500803742598251
[Cl:1][C@:5]([C:4]([H:3])([H:31])[N+:41]([O-:42])[O:43])([C:11]#[N:12])[C:21]([H:22])([H:23])[H:24].[H-:2]>>[Cl-:1].[H:2][C@@:5]([C:4]([H:3])([H:31])[N+:41]([O-:42])[O:43])([C:11]#[N:12])[C:21]([H:22])([H:23])[H:24],8.02267570284138
[Cl-:2].[F:1][C@:5]([C:4]([H:3])([N+:31]([O-:32])[O:33])[H:41])([C:11]([H:12])([H:13])[H:14])[C:21]#[N:22]>>[Cl:2][C@@:5]([C:4]([H:3])([N+:31]([O-:32])[O:33])[H:41])([C:11]([H:12])([H:13])[H:14])[C:21]#[N:22].[F-:1],42.42735071384614
[Cl-:2].[F:1][C@:5]([C:4]([H:3])([H:31])[N+:41]([O-:42])[O:43])([C:11]([H:12])([H:13])[H:14])[H:21]>>[Cl:2][C@@:5]([C:4]([H:3])([H:31])[N+:41]([O-:42])[O:43])([C:11]([H:12])([H:13])[H:14])[H:21].[F-:1],46.77495279672522
[Cl:1][C@:5]([C@:4]([H:3])([N+:31]([O-:32])[O:33])[C:41]([H:42])([H:43])[H:44])([N:11]([H:12])[H:13])[N+:21]([O-:22])[O:23].[F-:2]>>[Cl-:1].[F:2][C@@:5]([C@:4]([H:3])([N+:31]([O-:32])[O:33])[C:41]([H:42])([H:43])[H:44])([N:11]([H:12])[H:13])[N+:21]([O-:22])[O:23],25.026386596690177
[Cl-:2].[Cl:1][C@:5]([C@:4]([H:3])([C:31]([H:32])([H:33])[H:34])[N+:41]([O-:42])[O:43])([H:11])[C:21]#[N:22]>>[Cl-:1].[Cl:2][C@@:5]([C@:4]([H:3])([C:31]([H:32])([H:33])[H:34])[N+:41]([O-:42])[O:43])([H:11])[C:21]#[N:22],23.431797091636483
[Br:1][C:5]([C:4]([H:3])([C:31]#[N:32])[H:41])([C:11]([H:12])([H:13])[H:14])[C:21]([H:22])([H:23])[H:24].[Cl-:2]>>[Br-:1].[Cl:2][C:5]([C:4]([H:3])([C:31]#[N:32])[H:41])([C:11]([H:12])([H:13])[H:14])[C:21]([H:22])([H:23])[H:24],27.217094802179727
[Br-:2].[Cl:1][C@:5]([C:4]([H:3])([N:31]([H:32])[H:33])[H:41])([N+:11]([O-:12])[O:13])[H:21]>>[Br:2][C@@:5]([C:4]([H:3])([N:31]([H:32])[H:33])[H:41])([N+:11]([O-:12])[O:13])[H:21].[Cl-:1],31.223487052501937
[Br-:2].[F:1][C:5]([C:4]([H:3])([C:31]([H:32])([H:33])[H:34])[H:41])([C:11]([H:12])([H:13])[H:14])[C:21]([H:22])([H:23])[H:24]>>[Br:2][C:5]([C:4]([H:3])([C:31]([H:32])([H:33])[H:34])[H:41])([C:11]([H:12])([H:13])[H:14])[C:21]([H:22])([H:23])[H:24].[F-:1],52.817494355876455
[Cl:1][C@:5]([C:4]([H:3])([C:31]([H:32])([H:33])[H:34])[H:41])([N:11]([H:12])[H:13])[C:21]#[N:22].[F-:2]>>[Cl-:1].[F:2][C@@:5]([C:4]([H:3])([C:31]([H:32])([H:33])[H:34])[H:41])([N:11]([H:12])[H:13])[C:21]#[N:22],18.796888574745
[F:1][C@:5]([C:4]([H:3])([C:31]#[N:32])[H:41])([C:11]([H:12])([H:13])[H:14])[C:21]#[N:22].[H-:2]>>[F-:1].[H:2][C@@:5]([C:4]([H:3])([C:31]#[N:32])[H:41])([C:11]([H:12])([H:13])[H:14])[C:21]#[N:22],13.277147138516224
[Cl-:2].[Cl:1][C@:5]([C@:4]([H:3])([C:31]#[N:32])[C:41]([H:42])([H:43])[H:44])([H:11])[N+:21]([O-:22])[O:23]>>[Cl-:1].[Cl:2][C@@:5]([C@:4]([H:3])([C:31]#[N:32])[C:41]([H:42])([H:43])[H:44])([H:11])[N+:21]([O-:22])[O:23],20.464984246674767
[Br-:2].[Br:1][C@:5]([C:4]([H:3])([N:31]([H:32])[H:33])[N:41]([H:42])[H:43])([N+:11]([O-:12])[O:13])[H:21]>>[Br-:1].[Br:2][C@@:5]([C:4]([H:3])([N:31]([H:32])[H:33])[N:41]([H:42])[H:43])([N+:11]([O-:12])[O:13])[H:21],37.778762286999545
[Br-:2].[F:1][C@:5]([C@:4]([H:3])([C:31]([H:32])([H:33])[H:34])[N:41]([H:42])[H:43])([C:11]([H:12])([H:13])[H:14])[C:21]#[N:22]>>[Br:2][C@@:5]([C@:4]([H:3])([C:31]([H:32])([H:33])[H:34])[N:41]([H:42])[H:43])([C:11]([H:12])([H:13])[H:14])[C:21]#[N:22].[F-:1],45.900297144390535
[Cl:1][C@:5]([C:4]([H:3])([H:31])[N:41]([H:42])[H:43])([H:11])[C:21]#[N:22].[F-:2]>>[Cl-:1].[F:2][C@@:5]([C:4]([H:3])([H:31])[N:41]([H:42])[H:43])([H:11])[C:21]#[N:22],15.372646670260892
[Br-:2].[Cl:1][C@:5]([C@:4]([H:3])([N+:31]([O-:32])[O:33])[C:41]([H:42])([H:43])[H:44])([N:11]([H:12])[H:13])[C:21]#[N:22]>>[Br:2][C@@:5]([C@:4]([H:3])([N+:31]([O-:32])[O:33])[C:41]([H:42])([H:43])[H:44])([N:11]([H:12])[H:13])[C:21]#[N:22].[Cl-:1],39.06261339305825
[Br:1][C@:5]([C:4]([H:3])([C:31]#[N:32])[H:41])([H:11])[C:21]([H:22])([H:23])[H:24].[Cl-:2]>>[Br-:1].[Cl:2][C@@:5]([C:4]([H:3])([C:31]#[N:32])[H:41])([H:11])[C:21]([H:22])([H:23])[H:24],14.498299071983636
[Cl:1][C@:5]([C:4]([H:3])([C:31]#[N:32])[C:41]#[N:42])([C:11]#[N:12])[C:21]([H:22])([H:23])[H:24].[F-:2]>>[Cl-:1].[F:2][C@@:5]([C:4]([H:3])([C:31]#[N:32])[C:41]#[N:42])([C:11]#[N:12])[C:21]([H:22])([H:23])[H:24],2.977083591800344
[Br:1][C@:5]([C:4]([H:3])([H:31])[N+:41]([O-:42])[O:43])([H:11])[C:21]#[N:22].[Cl-:2]>>[Br-:1].[Cl:2][C@@:5]([C:4]([H:3])([H:31])[N+:41]([O-:42])[O:43])([H:11])[C:21]#[N:22],17.495216018278445
[Br:1][C@:5]([C:4]([H:3])([H:31])[C:41]([H:42])([H:43])[H:44])([C:11]([H:12])([H:13])[H:14])[H:21].[H-:2]>>[Br-:1].[H:2][C:5]([C:4]([H:3])([H:31])[C:41]([H:42])([H:43])[H:44])([C:11]([H:12])([H:13])[H:14])[H:21],7.611373773701715
[Br:1][C@:5]([C@:4]([H:3])([N:31]([H:32])[H:33])[C:41]#[N:42])([N:11]([H:12])[H:13])[C:21]([H:22])([H:23])[H:24].[H-:2]>>[Br-:1].[H:2][C@@:5]([C@:4]([H:3])([N:31]([H:32])[H:33])[C:41]#[N:42])([N:11]([H:12])[H:13])[C:21]([H:22])([H:23])[H:24],29.94561946466748
[Cl-:2].[F:1][C@:5]([C:4]([H:3])([N:31]([H:32])[H:33])[H:41])([N:11]([H:12])[H:13])[C:21]([H:22])([H:23])[H:24]>>[Cl:2][C@@:5]([C:4]([H:3])([N:31]([H:32])[H:33])[H:41])([N:11]([H:12])[H:13])[C:21]([H:22])([H:23])[H:24].[F-:1],47.14663494111017
[Br:1][C@:5]([C@:4]([H:3])([N+:31]([O-:32])[O:33])[C:41]([H:42])([H:43])[H:44])([C:11]([H:12])([H:13])[H:14])[N:21]([H:22])[H:23].[H-:2]>>[Br-:1].[H:2][C@@:5]([C@:4]([H:3])([N+:31]([O-:32])[O:33])[C:41]([H:42])([H:43])[H:44])([C:11]([H:12])([H:13])[H:14])[N:21]([H:22])[H:23],25.99579426069607
[Cl-:2].[Cl:1][C@:5]([C@:4]([H:3])([N:31]([H:32])[H:33])[N+:41]([O-:42])[O:43])([N+:11]([O-:12])[O:13])[H:21]>>[Cl-:1].[Cl:2][C@@:5]([C@:4]([H:3])([N:31]([H:32])[H:33])[N+:41]([O-:42])[O:43])([N+:11]([O-:12])[O:13])[H:21],29.9087468596408
[F-:2].[F:1][C:5]([C:4]([H:3])([H:31])[C:41]#[N:42])([H:11])[H:21]>>[F-:1].[F:2][C:5]([C:4]([H:3])([H:31])[C:41]#[N:42])([H:11])[H:21],21.71248007143628
[F-:2].[F:1][C@:5]([C:4]([H:3])([N:31]([H:32])[H:33])[N:41]([H:42])[H:43])([N:11]([H:12])[H:13])[H:21]>>[F-:1].[F:2][C@@:5]([C:4]([H:3])([N:31]([H:32])[H:33])[N:41]([H:42])[H:43])([N:11]([H:12])[H:13])[H:21],44.10399201616696
[Cl-:2].[Cl:1][C@:5]([C:4]([H:3])([C:31]([H:32])([H:33])[H:34])[C:41]([H:42])([H:43])[H:44])([C:11]#[N:12])[H:21]>>[Cl-:1].[Cl:2][C@@:5]([C:4]([H:3])([C:31]([H:32])([H:33])[H:34])[C:41]([H:42])([H:43])[H:44])([C:11]#[N:12])[H:21],21.9085529767733
[F:1][C@:5]([C@:4]([H:3])([N:31]([H:32])[H:33])[C:41]([H:42])([H:43])[H:44])([C:11]#[N:12])[N:21]([H:22])[H:23].[H-:2]>>[F-:1].[H:2][C@@:5]([C@:4]([H:3])([N:31]([H:32])[H:33])[C:41]([H:42])([H:43])[H:44])([C:11]#[N:12])[N:21]([H:22])[H:23],20.460846299987995
[Br:1][C@:5]([C@:4]([H:3])([N+:31]([O-:32])[O:33])[C:41]([H:42])([H:43])[H:44])([C:11]([H:12])([H:13])[H:14])[H:21].[Cl-:2]>>[Br-:1].[Cl:2][C@@:5]([C@:4]([H:3])([N+:31]([O-:32])[O:33])[C:41]([H:42])([H:43])[H:44])([C:11]([H:12])([H:13])[H:14])[H:21],28.487118704597467
[Cl-:2].[Cl:1][C@:5]([C@:4]([H:3])([C:31]([H:32])([H:33])[H:34])[N:41]([H:42])[H:43])([N+:11]([O-:12])[O:13])[H:21]>>[Cl-:1].[Cl:2][C@@:5]([C@:4]([H:3])([C:31]([H:32])([H:33])[H:34])[N:41]([H:42])[H:43])([N+:11]([O-:12])[O:13])[H:21],37.20295764566805
[Br:1][C:5]([C@:4]([H:3])([C:31]([H:32])([H:33])[H:34])[C:41]#[N:42])([H:11])[H:21].[H-:2]>>[Br-:1].[H:2][C:5]([C:4]([H:3])([C:31]([H:32])([H:33])[H:34])[C:41]#[N:42])([H:11])[H:21],5.9932293667655205
[Br:1][C@:5]([C:4]([H:3])([C:31]#[N:32])[C:41]#[N:42])([C:11]#[N:12])[N:21]([H:22])[H:23].[F-:2]>>[Br-:1].[F:2][C@@:5]([C:4]([H:3])([C:31]#[N:32])[C:41]#[N:42])([C:11]#[N:12])[N:21]([H:22])[H:23],20.089227381833755
[Br:1][C@:5]([C@:4]([H:3])([N:31]([H:32])[H:33])[C:41]#[N:42])([C:11]#[N:12])[N:21]([H:22])[H:23].[F-:2]>>[Br-:1].[F:2][C@@:5]([C@:4]([H:3])([N:31]([H:32])[H:33])[C:41]#[N:42])([C:11]#[N:12])[N:21]([H:22])[H:23],17.66588119340108
[Cl:1][C@:5]([C:4]([H:3])([C:31]#[N:32])[C:41]#[N:42])([C:11]#[N:12])[N:21]([H:22])[H:23].[F-:2]>>[Cl-:1].[F:2][C@@:5]([C:4]([H:3])([C:31]#[N:32])[C:41]#[N:42])([C:11]#[N:12])[N:21]([H:22])[H:23],24.061430512874807
[Cl-:2].[Cl:1][C@:5]([C:4]([H:3])([H:31])[N+:41]([O-:42])[O:43])([C:11]#[N:12])[C:21]([H:22])([H:23])[H:24]>>[Cl-:1].[Cl:2][C@@:5]([C:4]([H:3])([H:31])[N+:41]([O-:42])[O:43])([C:11]#[N:12])[C:21]([H:22])([H:23])[H:24],31.080626736437885
[F-:2].[F:1][C@:5]([C@:4]([H:3])([N:31]([H:32])[H:33])[C:41]([H:42])([H:43])[H:44])([N:11]([H:12])[H:13])[H:21]>>[F-:1].[F:2][C@@:5]([C@:4]([H:3])([N:31]([H:32])[H:33])[C:41]([H:42])([H:43])[H:44])([N:11]([H:12])[H:13])[H:21],41.95042104090701
[Cl:1][C:5]([C@:4]([H:3])([N:31]([H:32])[H:33])[N+:41]([O-:42])[O:43])([H:11])[H:21].[H-:2]>>[Cl-:1].[H:2][C:5]([C@:4]([H:3])([N:31]([H:32])[H:33])[N+:41]([O-:42])[O:43])([H:11])[H:21],10.909501742948628
[Br:1][C:5]([C@:4]([H:3])([C:31]#[N:32])[C:41]([H:42])([H:43])[H:44])([H:11])[H:21].[F-:2]>>[Br-:1].[F:2][C:5]([C@:4]([H:3])([C:31]#[N:32])[C:41]([H:42])([H:43])[H:44])([H:11])[H:21],9.014272310493547
[Br:1][C@:5]([C:4]([H:3])([N+:31]([O-:32])[O:33])[N+:41]([O-:42])[O:43])([H:11])[C:21]#[N:22].[F-:2]>>[Br-:1].[F:2][C@@:5]([C:4]([H:3])([N+:31]([O-:32])[O:33])[N+:41]([O-:42])[O:43])([H:11])[C:21]#[N:22],0.0420202734253098
[Cl:1][C@:5]([C@:4]([H:3])([N:31]([H:32])[H:33])[C:41]([H:42])([H:43])[H:44])([C:11]#[N:12])[N:21]([H:22])[H:23].[H-:2]>>[Cl-:1].[H:2][C@@:5]([C@:4]([H:3])([N:31]([H:32])[H:33])[C:41]([H:42])([H:43])[H:44])([C:11]#[N:12])[N:21]([H:22])[H:23],10.9473940834904
[Br:1][C@:5]([C@:4]([H:3])([N+:31]([O-:32])[O:33])[N:41]([H:42])[H:43])([C:11]#[N:12])[H:21].[F-:2]>>[Br-:1].[F:2][C@@:5]([C@:4]([H:3])([N+:31]([O-:32])[O:33])[N:41]([H:42])[H:43])([C:11]#[N:12])[H:21],11.51931465116781
[F:1][C@:5]([C@:4]([H:3])([C:31]([H:32])([H:33])[H:34])[N:41]([H:42])[H:43])([N:11]([H:12])[H:13])[H:21].[H-:2]>>[F-:1].[H:2][C:5]([C@:4]([H:3])([C:31]([H:32])([H:33])[H:34])[N:41]([H:42])[H:43])([N:11]([H:12])[H:13])[H:21],37.01509151873442
[Br-:2].[Br:1][C@:5]([C@:4]([H:3])([C:31]#[N:32])[N:41]([H:42])[H:43])([C:11]([H:12])([H:13])[H:14])[H:21]>>[Br-:1].[Br:2][C@@:5]([C@:4]([H:3])([C:31]#[N:32])[N:41]([H:42])[H:43])([C:11]([H:12])([H:13])[H:14])[H:21],28.033371371808464
[F:1][C@:5]([C:4]([H:3])([C:31]#[N:32])[C:41]#[N:42])([H:11])[C:21]#[N:22].[H-:2]>>[F-:1].[H:2][C:5]([C:4]([H:3])([C:31]#[N:32])[C:41]#[N:42])([H:11])[C:21]#[N:22],14.974361809789484
[Cl:1][C@:5]([C@:4]([H:3])([N:31]([H:32])[H:33])[C:41]#[N:42])([C:11]#[N:12])[C:21]([H:22])([H:23])[H:24].[F-:2]>>[Cl-:1].[F:2][C@@:5]([C@:4]([H:3])([N:31]([H:32])[H:33])[C:41]#[N:42])([C:11]#[N:12])[C:21]([H:22])([H:23])[H:24],21.60514456412848
[F-:2].[F:1][C@:5]([C@:4]([H:3])([N:31]([H:32])[H:33])[N+:41]([O-:42])[O:43])([C:11]([H:12])([H:13])[H:14])[N:21]([H:22])[H:23]>>[F-:1].[F:2][C@@:5]([C@:4]([H:3])([N:31]([H:32])[H:33])[N+:41]([O-:42])[O:43])([C:11]([H:12])([H:13])[H:14])[N:21]([H:22])[H:23],43.40575171340909
[Br:1][C@:5]([C@:4]([H:3])([N:31]([H:32])[H:33])[C:41]([H:42])([H:43])[H:44])([C:11]([H:12])([H:13])[H:14])[H:21].[F-:2]>>[Br-:1].[F:2][C@@:5]([C@:4]([H:3])([N:31]([H:32])[H:33])[C:41]([H:42])([H:43])[H:44])([C:11]([H:12])([H:13])[H:14])[H:21],20.02525821734756
[Cl:1][C:5]([C:4]([H:3])([C:31]#[N:32])[H:41])([C:11]#[N:12])[C:21]#[N:22].[F-:2]>>[Cl-:1].[F:2][C:5]([C:4]([H:3])([C:31]#[N:32])[H:41])([C:11]#[N:12])[C:21]#[N:22],4.462937724949168
[Cl:1][C@:5]([C@:4]([H:3])([C:31]#[N:32])[C:41]([H:42])([H:43])[H:44])([N:11]([H:12])[H:13])[C:21]([H:22])([H:23])[H:24].[H-:2]>>[Cl-:1].[H:2][C@@:5]([C@:4]([H:3])([C:31]#[N:32])[C:41]([H:42])([H:43])[H:44])([N:11]([H:12])[H:13])[C:21]([H:22])([H:23])[H:24],24.39688601666184
[Br-:2].[Br:1][C@:5]([C:4]([H:3])([N+:31]([O-:32])[O:33])[H:41])([C:11]#[N:12])[H:21]>>[Br-:1].[Br:2][C@@:5]([C:4]([H:3])([N+:31]([O-:32])[O:33])[H:41])([C:11]#[N:12])[H:21],22.461450480910266
[Br-:2].[Cl:1][C@:5]([C:4]([H:3])([H:31])[C:41]#[N:42])([C:11]([H:12])([H:13])[H:14])[N+:21]([O-:22])[O:23]>>[Br:2][C@@:5]([C:4]([H:3])([H:31])[C:41]#[N:42])([C:11]([H:12])([H:13])[H:14])[N+:21]([O-:22])[O:23].[Cl-:1],35.372134422195685
